0 102 495
0 105 495
0 109 495
0 112 497
0 115 495
0 117 496
0 120 495
0 123 497
0 126 476
0 129 474
0 132 474
0 135 476
0 138 473
0 140 474
0 143 473
0 147 473
0 150 472
0 154 471
0 155 471
0 158 470
0 161 469
0 163 470
0 165 470
0 168 472
0 171 471
0 174 472
0 177 474
0 179 476
0 182 475
0 185 477
0 189 478
0 191 481
0 195 482
0 199 483
0 203 483
0 207 478
0 212 966
0 215 964
0 218 962
0 221 962
0 225 961
0 228 962
0 230 962
0 233 960
0 237 964
0 241 964
0 243 964
0 247 966
0 251 964
0 254 962
0 257 963
0 260 964
0 263 964
0 266 965
0 268 965
0 271 966
0 275 967
0 279 965
0 282 965
0 286 967
0 289 967
0 293 968
0 296 970
0 299 970
0 303 972
0 306 970
0 308 974
0 311 971
0 315 971
0 318 973
0 321 974
0 324 972
0 328 971
0 331 968
0 334 967
0 336 962
0 339 962
0 341 959
0 344 959
0 347 960
0 350 962
0 353 961
0 357 964
0 364 949
0 370 916
0 376 882
0 383 852
0 389 829
0 394 826
0 400 821
0 406 824
0 411 824
0 417 782
0 422 730
0 427 723
0 431 725
0 437 744
0 441 766
0 447 754
0 453 744
0 456 750
0 461 770
0 466 826
0 472 826
0 478 828
0 483 826
0 489 794
0 495 722
0 500 705
0 504 706
0 510 711
0 514 711
0 518 705
0 522 708
0 525 704
0 530 702
0 535 703
0 540 705
0 544 707
0 549 711
0 555 708
0 560 694
0 567 667
0 573 590
0 578 583
0 583 576
0 587 575
0 591 576
0 595 573
0 599 575
0 603 575
0 608 579
0 611 575
0 616 582
0 620 578
0 624 583
0 628 582
0 633 581
0 637 585
0 640 582
0 644 585
0 649 583
0 653 581
0 658 573
0 663 567
0 668 563
0 673 556
0 677 550
0 681 532
0 686 470
0 690 420
0 693 406
0 697 403
0 701 402
0 704 397
0 707 393
0 710 395
0 713 389
0 717 389
0 720 391
0 725 397
0 729 424
0 732 442
0 735 447
0 739 452
0 742 450
0 746 455
0 749 454
0 752 458
0 756 454
0 759 461
0 763 457
0 767 464
0 770 458
0 773 460
0 777 462
0 782 460
0 785 464
0 789 465
0 792 466
0 796 465
0 800 457
0 805 452
0 809 453
0 814 448
0 817 447
0 821 443
0 824 441
0 827 440
0 830 436
0 833 438
0 837 432
0 842 431
0 845 427
0 848 425
0 851 424
0 854 421
0 857 420
0 860 422
0 863 417
0 866 417
0 869 417
0 872 411
0 875 411
0 878 409
0 881 401
0 885 390
0 888 364
0 891 352
0 895 347
0 898 345
0 901 341
0 904 343
0 907 337
0 911 338
0 915 337
0 920 335
0 923 334
0 928 333
0 931 331
0 934 335
0 938 335
0 940 335
0 943 335
0 948 336
0 951 335
0 955 337
0 958 335
0 962 339
0 965 341
0 968 342
0 971 340
0 975 342
0 978 341
0 982 344
0 985 342
0 988 344
0 991 344
0 995 347
0 998 347
0 1001 349
0 1004 348
0 1007 351
0 1010 351
0 1013 351
0 1016 349
0 1019 351
0 1022 352
0 1028 350
0 1031 351
0 1035 347
0 1038 349
0 1042 348
0 1045 347
0 1049 344
0 1051 347
0 1056 342
0 1058 343
0 1062 343
0 1065 340
0 1068 339
0 1072 340
0 1075 340
0 1079 336
0 1083 336
0 1086 333
0 1089 330
0 1092 331
0 1096 333
0 1099 330
0 1103 331
0 1107 327
0 1111 329
0 1115 326
0 1118 323
0 1122 325
0 1125 323
0 1128 322
0 1131 322
0 1134 321
0 1138 319
0 1141 320
0 1145 318
0 1148 317
0 1152 318
0 1155 317
0 1158 317
0 1161 315
0 1165 312
0 1168 311
0 1172 312
0 1176 312
0 1179 310
0 1183 306
0 1186 308
0 1189 306
0 1192 307
0 1197 304
0 1200 304
0 1204 301
0 1207 304
0 1210 303
0 1214 301
0 1217 300
0 1220 301
0 1223 298
0 1225 300
0 1228 298
0 1231 296
0 1234 299
0 1236 297
0 1240 296
0 1243 297
0 1246 294
0 1251 294
0 1254 295
0 1259 294
0 1262 291
0 1266 288
0 1269 283
0 1273 267
0 1276 254
0 1279 250
0 1282 247
0 1286 245
0 1289 245
0 1293 245
0 1296 244
0 1300 245
0 1303 241
0 1306 243
0 1311 239
0 1314 242
0 1317 240
0 1320 240
0 1323 238
0 1327 238
0 1331 240
0 1334 241
0 1337 238
0 1340 237
0 1343 236
0 1346 236
0 1348 235
0 1352 237
0 1355 236
0 1358 236
0 1361 236
0 1364 238
0 1368 236
0 1371 242
0 1374 241
0 1377 242
0 1381 246
0 1383 241
0 1386 242
0 1388 243
0 1391 245
0 1394 245
0 1397 248
0 1400 248
0 1403 248
0 1405 248
0 1407 248
0 1410 251
0 1413 249
0 1416 254
0 1419 254
0 1421 254
0 1424 255
0 1427 255
0 1430 252
0 1433 243
0 1438 218
0 1441 201
0 1445 192
0 1448 189
0 1451 190
0 1454 190
0 1457 190
0 1459 191
0 1462 189
0 1465 189
0 1468 189
0 1471 190
0 1474 190
0 1477 189
0 1480 188
0 1483 189
0 1485 189
0 1488 189
0 1492 190
0 1495 188
0 1498 189
0 1501 190
0 1505 187
0 1508 187
0 1511 186
0 1514 188
0 1517 187
0 1520 186
0 1523 188
0 1526 186
0 1528 187
0 1531 187
0 1536 187
0 1538 186
0 1542 186
0 1546 184
0 1549 184
0 1552 185
0 1555 183
0 1558 185
0 1560 185
0 1563 182
0 1565 184
0 1571 183
0 1573 184
0 1576 183
0 1578 182
0 1580 183
0 1583 183
0 1586 181
0 1589 182
0 1593 182
0 1595 183
0 1598 181
0 1601 180
0 1604 179
0 1606 181
0 1609 181
0 1612 180
0 1615 180
0 1619 179
0 1622 179
0 1625 179
0 1629 179
0 1632 179
0 1636 178
0 1639 179
0 1643 178
0 1646 178
0 1649 177
0 1652 178
0 1655 177
0 1658 176
0 1660 176
0 1663 175
0 1667 176
0 1670 176
0 1673 174
0 1676 174
0 1679 180
0 1682 192
0 1685 214
0 1688 218
0 1693 219
0 1696 217
0 1699 216
0 1702 213
0 1706 210
0 1709 208
0 1712 208
0 1715 204
0 1719 206
0 1721 206
0 1725 204
0 1728 203
0 1732 202
0 1735 202
0 1738 204
0 1741 204
0 1744 202
0 1747 202
0 1749 201
0 1752 201
0 1755 201
0 1757 198
0 1760 199
0 1763 198
0 1766 196
0 1769 196
0 1772 196
0 1776 197
0 1779 195
0 1782 196
0 1785 194
0 1787 194
0 1791 195
0 1793 193
0 1795 193
0 1798 193
0 1801 193
0 1804 192
0 1807 192
0 1810 192
0 1814 190
0 1817 190
0 1820 190
0 1823 190
0 1826 189
0 1828 189
0 1831 188
0 1833 189
0 1837 186
0 1840 187
0 1843 188
0 1845 187
0 1848 187
0 1851 187
0 1855 186
0 1858 186
0 1864 185
0 1867 185
0 1869 184
0 1872 185
0 1875 186
0 1878 185
0 1881 185
0 1883 183
0 1887 184
0 1890 182
0 1893 185
0 1896 184
0 1899 183
0 1902 183
0 1905 183
0 1908 183
0 1913 183
0 1915 182
0 1918 183
0 1921 183
0 1923 183
0 1926 183
0 1929 182
0 1931 182
0 1935 182
0 1938 182
0 1941 182
0 1943 182
0 1946 181
0 1949 181
0 1951 180
0 1954 181
0 1959 181
0 1962 181
0 1965 181
0 1967 181
0 1971 180
0 1974 180
0 1976 180
0 1979 180
0 1984 180
0 1986 180
0 1990 180
0 1993 180
0 1995 180
0 1999 180
0 2002 178
0 2005 179
0 2009 180
0 2012 180
0 2015 179
0 2017 180
0 2020 180
0 2023 180
0 2025 180
0 2028 179
0 2032 179
0 2035 178
0 2038 179
0 2041 180
0 2044 178
0 2047 178
0 2050 178
0 2053 180
0 2057 180
0 2060 180
0 2063 179
0 2066 179
0 2069 180
0 2072 178
0 2075 179
0 2078 180
0 2083 178
0 2085 179
0 2088 179
0 2091 179
4 1843 185
4 1841 186
4 1838 186
4 1835 186
4 1832 187
4 1829 188
4 1826 187
4 1823 187
4 1819 189
4 1812 190
4 1808 191
4 1804 190
4 1800 190
4 1798 192
4 1795 192
4 1793 193
4 1790 192
4 1788 192
4 1785 193
4 1783 193
4 1779 194
4 1776 193
4 1772 194
4 1768 194
4 1764 195
4 1761 199
4 1758 196
4 1756 197
4 1753 199
4 1750 199
4 1747 199
4 1744 200
4 1740 199
4 1736 201
4 1733 201
4 1729 202
4 1726 203
4 1723 203
4 1720 204
4 1717 206
4 1714 206
4 1711 205
4 1708 206
4 1705 208
4 1701 207
4 1698 213
4 1694 216
4 1691 220
4 1688 220
4 1684 215
4 1680 197
4 1677 182
4 1673 177
4 1670 177
4 1666 178
4 1662 177
4 1659 177
4 1656 178
4 1652 178
4 1649 178
4 1645 178
4 1643 179
4 1640 179
4 1637 179
4 1635 180
4 1630 180
4 1627 181
4 1624 180
4 1621 180
4 1618 180
4 1615 181
4 1611 181
4 1608 182
4 1605 183
4 1602 183
4 1598 182
4 1595 181
4 1592 182
4 1590 182
4 1587 183
4 1585 183
4 1582 183
4 1580 184
4 1578 184
4 1574 184
4 1571 184
4 1568 184
4 1566 183
4 1563 184
4 1561 184
4 1558 184
4 1555 184
4 1552 185
4 1550 184
4 1547 186
4 1543 185
4 1541 185
4 1538 185
4 1535 185
4 1533 185
4 1529 184
4 1525 187
4 1523 186
4 1520 186
4 1517 188
4 1514 186
4 1510 187
4 1507 189
4 1504 188
4 1502 187
4 1499 187
4 1497 186
4 1494 187
4 1491 187
4 1488 189
4 1486 188
4 1483 187
4 1480 188
4 1476 190
4 1474 189
4 1471 187
4 1468 188
4 1466 190
4 1462 190
4 1458 189
4 1455 191
4 1452 190
4 1449 188
4 1446 188
4 1443 191
4 1440 194
4 1437 205
4 1433 229
4 1430 248
4 1427 253
4 1424 254
4 1421 251
4 1418 254
4 1415 250
4 1412 249
4 1409 251
4 1407 250
4 1404 249
4 1401 247
4 1398 248
4 1395 246
4 1392 245
4 1389 242
4 1385 243
4 1383 243
4 1380 241
4 1378 240
4 1375 241
4 1372 239
4 1369 237
4 1365 235
4 1362 237
4 1359 234
4 1355 236
4 1352 236
4 1350 233
4 1347 234
4 1344 235
4 1341 237
4 1338 237
4 1335 238
4 1331 237
4 1328 238
4 1325 238
4 1322 239
4 1319 240
4 1314 239
4 1311 239
4 1307 243
4 1304 242
4 1302 242
4 1299 242
4 1296 243
4 1293 245
4 1290 246
4 1286 243
4 1283 246
4 1279 246
4 1275 248
4 1272 259
4 1269 275
4 1266 287
4 1263 291
4 1259 294
4 1256 294
4 1253 292
4 1250 296
4 1245 294
4 1242 296
4 1239 296
4 1236 297
4 1233 299
4 1230 296
4 1227 302
4 1224 299
4 1222 302
4 1219 298
4 1215 301
4 1212 302
4 1207 304
4 1204 305
4 1201 305
4 1197 307
4 1193 306
4 1190 308
4 1187 306
4 1184 307
4 1180 309
4 1176 311
4 1171 310
4 1168 313
4 1165 315
4 1162 314
4 1157 316
4 1154 315
4 1150 316
4 1147 318
4 1142 318
4 1139 319
4 1134 319
4 1131 323
4 1127 325
4 1123 323
4 1118 328
4 1115 328
4 1111 328
4 1108 324
4 1105 328
4 1102 328
4 1098 328
4 1094 329
4 1091 334
4 1087 332
4 1083 334
4 1080 336
4 1076 339
4 1073 336
4 1070 337
4 1067 339
4 1063 342
4 1060 340
4 1058 341
4 1055 342
4 1052 345
4 1049 344
4 1046 346
4 1043 344
4 1040 349
4 1037 352
4 1034 350
4 1031 350
4 1028 353
4 1024 352
4 1021 352
4 1018 350
4 1015 347
4 1012 350
4 1009 349
4 1006 346
4 1003 349
4 1000 351
4 997 346
4 994 342
4 989 345
4 986 345
4 982 341
4 979 341
4 975 338
4 972 342
4 968 338
4 965 339
4 961 337
4 958 340
4 954 338
4 951 337
4 948 335
4 945 333
4 942 333
4 939 335
4 935 332
4 932 332
4 929 335
4 927 331
4 924 333
4 919 337
4 916 334
4 913 336
4 910 337
4 905 340
4 902 341
4 899 340
4 896 345
4 893 343
4 891 349
4 888 359
4 884 379
4 881 396
4 877 406
4 874 414
4 870 415
4 867 412
4 863 418
4 860 417
4 857 420
4 854 421
4 851 423
4 848 424
4 845 430
4 842 433
4 839 431
4 835 437
4 831 435
4 828 438
4 825 438
4 821 442
4 818 445
4 813 447
4 809 450
4 805 448
4 801 456
4 797 459
4 793 459
4 790 458
4 786 464
4 783 463
4 779 461
4 776 461
4 772 460
4 767 457
4 764 457
4 760 457
4 756 460
4 752 457
4 749 457
4 746 460
4 741 453
4 738 457
4 734 454
4 730 440
4 727 422
4 723 400
4 719 392
4 715 390
4 711 395
4 705 394
4 702 399
4 698 399
4 695 402
4 690 406
4 686 418
4 679 506
4 673 551
4 667 567
4 662 568
4 656 569
4 651 575
4 647 583
4 643 586
4 639 579
4 634 582
4 630 582
4 624 580
4 619 582
4 615 584
4 611 575
4 608 578
4 604 577
4 599 580
4 595 575
4 591 580
4 586 570
4 582 573
4 576 585
4 571 588
4 566 620
4 559 685
4 554 706
4 549 709
4 544 706
4 539 704
4 534 709
4 529 706
4 524 710
4 519 707
4 514 695
4 511 703
4 506 705
4 501 704
4 495 708
4 490 726
4 482 815
4 476 821
4 469 827
4 464 832
4 458 798
4 455 763
4 450 743
4 444 756
4 438 770
4 434 748
4 430 738
4 425 727
4 421 721
4 416 734
4 410 790
4 405 818
4 400 816
4 395 824
4 392 826
4 387 825
4 381 832
4 375 876
4 370 886
4 363 920
4 355 951
4 351 961
4 347 961
4 344 961
4 341 960
4 338 960
4 336 963
4 333 964
4 329 970
4 326 970
4 323 972
4 319 972
4 316 970
4 312 972
4 309 973
4 306 971
4 303 971
4 299 970
4 296 970
4 293 968
4 290 970
4 287 967
4 283 968
4 280 966
4 277 971
4 274 968
4 270 968
4 267 968
4 261 966
4 258 966
4 256 966
4 253 965
4 250 966
4 247 963
4 243 965
4 240 964
4 238 964
4 235 962
4 232 964
4 229 965
4 227 962
4 224 963
4 221 963
4 218 965
4 215 963
4 212 963
4 210 965
4 206 468
4 203 485
4 200 487
4 198 486
4 195 484
4 191 483
4 188 481
4 185 478
4 181 478
4 177 476
4 173 476
4 170 475
4 166 475
4 163 474
4 159 472
4 156 475
4 153 474
4 150 475
4 147 475
4 144 474
4 141 475
4 137 475
4 134 476
4 131 476
4 128 478
4 126 478
4 122 478
4 119 479
4 115 477
4 112 478
4 109 478
4 107 477
4 103 476
4 100 477
19 268 965
19 272 965
19 275 967
19 277 965
19 280 966
19 283 965
19 286 966
19 289 965
19 293 969
19 296 967
19 300 967
19 303 969
19 306 967
19 309 971
19 312 969
19 315 970
19 318 970
19 321 967
19 324 970
19 327 969
19 330 972
19 333 969
19 336 969
19 340 971
19 343 967
19 346 961
19 349 962
19 352 960
19 354 960
19 357 961
19 360 960
19 364 963
19 369 957
19 376 930
19 382 894
19 388 868
19 396 838
19 401 827
19 406 831
19 411 827
19 419 821
19 424 784
19 429 733
19 434 729
19 439 730
19 444 738
19 448 751
19 454 770
19 460 746
19 463 745
19 467 758
19 473 795
19 479 827
19 486 803
19 492 686
19 498 672
19 503 702
19 512 705
19 516 706
19 520 710
19 525 698
19 530 712
19 534 701
19 537 705
19 543 708
19 548 707
19 552 705
19 557 711
19 562 704
19 567 712
19 573 694
19 580 624
19 586 589
19 590 572
19 596 579
19 600 575
19 605 571
19 609 578
19 613 576
19 616 584
19 620 575
19 624 577
19 629 580
19 633 585
19 638 583
19 641 584
19 646 582
19 649 583
19 653 586
19 658 585
19 662 579
19 667 576
19 672 570
19 676 564
19 680 557
19 686 547
19 691 479
19 695 417
19 698 408
19 702 403
19 706 401
19 709 404
19 712 398
19 716 401
19 719 395
19 723 392
19 727 390
19 731 387
19 735 387
19 739 390
19 743 416
19 747 445
19 751 455
19 756 460
19 759 453
19 763 453
19 766 458
19 771 453
19 775 454
19 778 457
19 782 461
19 787 463
19 791 464
19 794 465
19 798 463
19 801 464
19 805 460
19 808 461
19 813 453
19 817 455
19 822 449
19 827 450
19 831 444
19 836 440
19 839 440
19 842 434
19 846 432
19 852 434
19 855 431
19 858 427
19 863 427
19 866 424
19 870 419
19 872 414
19 876 417
19 879 417
19 882 414
19 885 415
19 888 411
19 891 402
19 895 389
19 898 370
19 901 351
19 905 344
19 908 344
19 911 342
19 914 341
19 917 340
19 920 338
19 923 340
19 927 337
19 931 336
19 934 335
19 937 334
19 940 333
19 945 334
19 948 333
19 952 335
19 956 337
19 962 335
19 965 338
19 969 338
19 972 339
19 975 337
19 979 340
19 982 341
19 986 344
19 988 340
19 991 344
19 994 341
19 997 346
19 1000 344
19 1003 347
19 1006 345
19 1010 347
19 1013 351
19 1017 348
19 1020 349
19 1023 353
19 1026 353
19 1029 353
19 1032 353
19 1036 353
19 1040 355
19 1042 352
19 1045 350
19 1048 351
19 1051 348
19 1054 350
19 1056 348
19 1059 345
19 1063 343
19 1066 344
19 1070 340
19 1073 338
19 1076 342
19 1079 337
19 1083 339
19 1087 334
19 1090 335
19 1093 334
19 1096 334
19 1099 334
19 1102 332
19 1106 328
19 1109 328
19 1113 330
19 1116 329
19 1120 329
19 1123 324
19 1126 326
19 1129 326
19 1132 322
19 1136 322
19 1140 320
19 1143 322
19 1146 321
19 1149 322
19 1153 319
19 1156 318
19 1159 316
19 1162 317
19 1166 316
19 1170 315
19 1173 314
19 1178 310
19 1182 308
19 1186 309
19 1190 308
19 1194 308
19 1197 308
19 1200 306
19 1203 308
19 1206 306
19 1208 302
19 1211 304
19 1216 302
19 1218 304
19 1222 300
19 1225 300
19 1228 298
19 1232 300
19 1235 297
19 1239 297
19 1242 296
19 1245 295
19 1249 293
19 1252 292
19 1255 293
19 1258 294
19 1261 293
19 1264 292
19 1268 288
19 1270 290
19 1274 287
19 1277 285
19 1280 274
19 1282 263
19 1285 254
19 1289 247
19 1292 247
19 1295 247
19 1298 245
19 1302 245
19 1305 245
19 1308 243
19 1311 242
19 1314 242
19 1317 242
19 1319 242
19 1323 242
19 1325 241
19 1328 241
19 1333 240
19 1336 238
19 1340 237
19 1343 238
19 1346 237
19 1349 238
19 1353 237
19 1356 236
19 1359 236
19 1361 235
19 1365 235
19 1368 236
19 1372 234
19 1375 236
19 1378 236
19 1381 237
19 1385 237
19 1388 237
19 1391 239
19 1394 242
19 1397 240
19 1400 240
19 1404 240
19 1407 242
19 1410 244
19 1413 243
19 1415 244
19 1418 241
19 1421 242
19 1424 247
19 1427 247
19 1430 248
19 1433 246
19 1437 244
19 1441 236
19 1444 225
19 1448 206
19 1451 194
19 1454 191
19 1457 190
19 1460 191
19 1463 191
19 1466 191
19 1468 191
19 1471 191
19 1475 190
19 1480 189
19 1482 190
19 1485 189
19 1488 191
19 1491 188
19 1493 190
19 1496 190
19 1499 190
19 1502 190
19 1504 191
19 1507 189
19 1509 188
19 1511 189
19 1514 189
19 1517 190
19 1520 188
19 1523 188
19 1526 188
19 1530 188
19 1532 188
19 1536 188
19 1539 187
19 1542 185
19 1545 186
19 1548 184
19 1551 185
19 1555 182
19 1557 182
19 1560 182
19 1564 182
19 1566 181
19 1570 182
19 1572 182
19 1575 184
19 1578 184
19 1580 184
19 1582 184
19 1585 183
19 1587 182
19 1590 183
19 1592 183
19 1595 183
19 1598 184
19 1601 183
19 1604 181
19 1606 180
19 1610 181
19 1613 183
19 1617 180
19 1619 180
19 1623 178
19 1626 179
19 1629 180
19 1632 180
19 1636 178
19 1639 178
19 1642 178
19 1645 179
19 1648 177
19 1650 177
19 1653 177
19 1656 177
19 1660 176
19 1663 176
19 1668 176
19 1671 176
19 1674 175
19 1677 174
19 1680 176
19 1683 176
19 1687 176
19 1690 181
19 1693 192
19 1695 199
19 1698 201
19 1701 200
19 1704 198
19 1708 195
19 1711 196
19 1714 195
19 1717 192
19 1720 194
19 1724 192
19 1726 193
19 1730 192
19 1733 191
19 1737 190
19 1740 191
19 1743 191
19 1746 191
19 1749 190
19 1751 190
19 1755 189
19 1758 191
19 1761 191
19 1764 189
19 1766 191
19 1768 189
19 1771 189
19 1774 189
19 1777 188
19 1780 189
19 1784 187
19 1787 187
19 1791 187
19 1794 187
19 1796 187
19 1799 188
19 1801 187
19 1803 188
19 1806 185
19 1810 187
19 1813 187
19 1816 187
19 1819 186
19 1822 186
19 1825 186
19 1828 186
19 1831 186
19 1834 187
19 1837 186
19 1840 186
19 1842 184
19 1845 185
19 1848 186
19 1851 184
19 1854 184
19 1858 184
19 1861 184
19 1864 185
19 1868 184
19 1870 185
19 1874 184
19 1876 184
19 1880 184
19 1883 184
19 1887 184
19 1890 184
19 1892 183
19 1895 182
19 1898 182
19 1901 182
19 1905 183
19 1908 182
19 1911 181
19 1914 183
19 1916 182
19 1918 181
19 1921 181
19 1924 181
19 1927 181
19 1930 181
19 1933 180
19 1936 180
19 1939 180
19 1942 181
19 1945 180
19 1947 180
19 1950 180
19 1953 180
19 1956 182
19 1959 180
19 1962 180
19 1965 181
19 1968 180
19 1971 181
19 1975 180
19 1978 180
19 1984 180
19 1987 180
19 1990 180
19 1993 179
19 1996 180
19 2000 179
19 2003 179
19 2007 180
19 2010 179
19 2013 179
19 2016 177
19 2019 179
19 2022 178
19 2024 179
19 2027 179
19 2030 177
19 2033 179
19 2036 179
19 2039 178
19 2042 179
19 2045 179
19 2048 179
19 2051 179
19 2055 178
19 2058 178
19 2061 178
19 2064 178
19 2067 178
19 2069 177
19 2072 179
19 2075 178
19 2079 179
19 2082 179
19 2085 178
19 2088 178
19 2091 179
34 1845 183
34 1842 182
34 1840 184
34 1836 183
34 1833 183
34 1828 183
34 1825 183
34 1820 184
34 1817 184
34 1813 185
34 1810 186
34 1806 185
34 1804 185
34 1801 185
34 1799 187
34 1796 186
34 1793 187
34 1790 186
34 1787 186
34 1782 187
34 1779 189
34 1776 189
34 1773 186
34 1770 187
34 1768 187
34 1765 187
34 1762 189
34 1759 188
34 1756 187
34 1753 189
34 1749 189
34 1746 188
34 1742 188
34 1738 189
34 1734 190
34 1730 191
34 1727 189
34 1725 190
34 1722 190
34 1719 189
34 1716 190
34 1714 191
34 1710 191
34 1707 192
34 1704 192
34 1700 191
34 1697 193
34 1694 191
34 1691 188
34 1688 182
34 1685 177
34 1682 176
34 1679 175
34 1675 175
34 1672 176
34 1667 175
34 1664 176
34 1660 177
34 1658 176
34 1654 177
34 1651 177
34 1648 179
34 1644 178
34 1642 179
34 1639 179
34 1636 179
34 1633 179
34 1630 181
34 1626 181
34 1624 181
34 1620 181
34 1617 181
34 1614 182
34 1610 180
34 1608 182
34 1604 182
34 1602 181
34 1600 181
34 1597 181
34 1595 181
34 1592 180
34 1590 182
34 1588 180
34 1584 182
34 1581 183
34 1579 182
34 1576 182
34 1574 182
34 1571 182
34 1568 180
34 1565 181
34 1561 180
34 1558 180
34 1555 180
34 1552 180
34 1550 182
34 1547 183
34 1544 184
34 1541 185
34 1537 185
34 1534 185
34 1531 185
34 1528 185
34 1525 186
34 1522 185
34 1519 186
34 1516 185
34 1513 186
34 1510 187
34 1507 187
34 1504 187
34 1501 187
34 1498 188
34 1496 187
34 1493 188
34 1489 188
34 1486 187
34 1483 188
34 1481 187
34 1478 187
34 1475 188
34 1472 189
34 1469 189
34 1466 189
34 1463 187
34 1460 189
34 1457 189
34 1454 189
34 1452 188
34 1449 190
34 1445 196
34 1441 209
34 1438 223
34 1435 225
34 1432 226
34 1428 226
34 1425 225
34 1423 225
34 1420 228
34 1418 225
34 1415 226
34 1412 228
34 1409 229
34 1407 226
34 1404 228
34 1401 229
34 1398 230
34 1395 229
34 1392 229
34 1390 227
34 1387 227
34 1381 226
34 1378 228
34 1375 226
34 1373 229
34 1369 227
34 1366 228
34 1363 230
34 1360 230
34 1357 229
34 1353 230
34 1351 231
34 1348 232
34 1344 233
34 1341 233
34 1338 233
34 1335 234
34 1331 234
34 1328 236
34 1325 233
34 1322 238
34 1319 238
34 1315 238
34 1312 238
34 1309 238
34 1306 238
34 1303 239
34 1300 242
34 1296 241
34 1292 240
34 1289 241
34 1286 243
34 1283 246
34 1280 251
34 1277 260
34 1274 264
34 1271 270
34 1267 271
34 1262 271
34 1259 271
34 1255 273
34 1252 273
34 1248 270
34 1245 267
34 1242 269
34 1240 272
34 1236 277
34 1234 277
34 1231 280
34 1228 279
34 1224 282
34 1221 281
34 1217 285
34 1213 285
34 1210 286
34 1207 286
34 1203 287
34 1201 287
34 1198 287
34 1195 289
34 1192 290
34 1188 291
34 1184 292
34 1180 292
34 1177 293
34 1174 294
34 1170 298
34 1167 300
34 1164 299
34 1160 299
34 1156 299
34 1153 300
34 1150 299
34 1146 301
34 1143 303
34 1140 303
34 1135 305
34 1132 306
34 1128 308
34 1124 311
34 1121 310
34 1118 312
34 1113 312
34 1110 314
34 1106 317
34 1102 317
34 1099 318
34 1095 319
34 1091 319
34 1088 324
34 1084 324
34 1081 325
34 1078 327
34 1074 326
34 1071 328
34 1068 330
34 1065 331
34 1061 333
34 1058 334
34 1055 333
34 1052 338
34 1046 340
34 1043 340
34 1040 343
34 1037 340
34 1034 343
34 1031 346
34 1028 346
34 1025 347
34 1021 346
34 1018 344
34 1015 344
34 1012 344
34 1008 343
34 1005 341
34 1002 342
34 998 341
34 995 340
34 991 341
34 988 341
34 985 343
34 981 337
34 979 338
34 976 336
34 973 338
34 968 338
34 965 336
34 962 336
34 959 335
34 956 334
34 952 332
34 949 333
34 946 332
34 943 333
34 940 333
34 937 334
34 934 332
34 931 334
34 928 337
34 925 333
34 922 334
34 919 334
34 915 339
34 912 339
34 908 341
34 906 344
34 903 347
34 900 348
34 898 354
34 895 366
34 892 387
34 888 399
34 885 406
34 882 402
34 878 404
34 875 407
34 871 411
34 867 413
34 863 420
34 860 418
34 858 423
34 855 420
34 852 420
34 849 424
34 846 424
34 842 428
34 838 427
34 835 436
34 831 435
34 828 436
34 824 439
34 821 443
34 816 444
34 812 447
34 809 449
34 805 454
34 801 458
34 797 457
34 793 461
34 789 460
34 785 459
34 782 459
34 777 461
34 774 456
34 770 454
34 767 448
34 763 455
34 760 453
34 756 455
34 752 453
34 748 449
34 744 430
34 740 404
34 737 386
34 734 387
34 730 388
34 726 390
34 722 390
34 719 395
34 715 398
34 711 400
34 708 401
34 704 402
34 701 405
34 698 404
34 694 408
34 691 412
34 686 455
34 681 529
34 675 557
34 670 567
34 664 564
34 660 571
34 654 585
34 650 580
34 644 576
34 640 581
34 635 572
34 630 583
34 626 581
34 622 576
34 617 574
34 613 577
34 609 573
34 604 570
34 600 574
34 596 572
34 592 574
34 588 571
34 582 579
34 577 591
34 570 663
34 565 698
34 560 710
34 556 710
34 551 711
34 544 707
34 538 694
34 532 709
34 528 701
34 523 705
34 519 701
34 514 698
34 509 704
34 503 696
34 498 663
34 494 649
34 488 651
34 483 666
34 476 769
34 470 818
34 466 772
34 462 749
34 457 740
34 450 767
34 446 753
34 441 738
34 436 724
34 431 721
34 426 725
34 420 777
34 414 815
34 408 816
34 405 823
34 401 828
34 397 819
34 393 821
34 387 828
34 380 877
34 373 912
34 365 948
34 361 961
34 357 961
34 354 959
34 349 958
34 346 959
34 344 960
34 340 966
34 337 970
34 334 970
34 331 973
34 328 968
34 325 970
34 322 972
34 319 973
34 315 967
34 312 968
34 309 972
34 306 968
34 303 967
34 300 967
34 297 967
34 293 968
34 289 966
34 285 968
34 282 966
34 280 968
34 277 966
34 274 967
34 270 965
34 268 965
34 264 963
34 261 965
34 259 966
34 256 963
34 253 964
34 250 964
34 247 963
34 244 963
34 240 964
34 237 966
34 235 963
34 232 964
34 230 964
34 227 962
34 223 964
34 220 961
34 216 961
34 214 963
34 211 966
34 207 476
35 205 488
35 202 489
35 198 489
35 195 485
35 191 486
35 186 485
35 183 484
35 180 483
35 177 483
35 173 482
35 170 482
35 166 482
35 162 482
35 159 481
35 156 481
35 154 483
35 151 485
35 148 485
35 145 486
35 142 486
35 139 485
35 136 487
35 133 487
35 130 485
35 127 485
35 124 485
35 122 485
35 119 484
35 115 484
35 112 484
35 108 484
35 105 483
35 102 483
35 99 484
49 268 962
49 271 962
49 274 963
49 277 964
49 280 963
49 283 967
49 287 965
49 290 967
49 294 965
49 298 966
49 303 968
49 306 966
49 308 964
49 311 966
49 315 967
49 318 967
49 322 970
49 325 970
49 328 967
49 331 970
49 335 970
49 338 969
49 342 966
49 345 965
49 348 959
49 350 959
49 353 957
49 355 957
49 359 960
49 362 961
49 365 963
49 371 947
49 378 919
49 384 885
49 392 820
49 398 813
49 402 814
49 407 818
49 413 822
49 421 810
49 426 764
49 432 721
49 438 725
49 446 730
49 450 757
49 457 763
49 462 737
49 466 743
49 472 765
49 479 747
49 485 671
49 490 657
49 494 645
49 498 643
49 502 647
49 506 654
49 511 670
49 515 663
49 520 671
49 524 667
49 529 668
49 533 661
49 537 661
49 543 660
49 549 655
49 555 646
49 561 629
49 568 619
49 573 608
49 579 584
49 584 570
49 588 562
49 594 563
49 598 559
49 603 562
49 608 559
49 612 549
49 616 552
49 620 548
49 625 543
49 629 542
49 633 535
49 638 531
49 643 531
49 647 529
49 651 524
49 656 523
49 661 514
49 665 507
49 669 502
49 675 495
49 679 494
49 684 475
49 687 445
49 692 413
49 695 409
49 699 401
49 702 409
49 707 403
49 710 397
49 713 397
49 717 394
49 721 389
49 724 395
49 728 391
49 731 392
49 735 386
49 739 380
49 742 385
49 747 402
49 751 413
49 756 414
49 759 415
49 763 410
49 767 407
49 773 412
49 776 407
49 781 418
49 785 412
49 789 414
49 792 408
49 796 406
49 800 399
49 803 397
49 806 394
49 810 393
49 814 385
49 817 392
49 822 386
49 825 386
49 831 384
49 834 387
49 838 380
49 842 378
49 846 374
49 849 377
49 852 373
49 856 371
49 859 365
49 863 362
49 866 359
49 868 355
49 871 352
49 874 350
49 876 349
49 879 349
49 883 346
49 885 349
49 888 347
49 891 346
49 896 344
49 899 339
49 902 337
49 904 336
49 909 333
49 912 331
49 916 327
49 919 327
49 924 327
49 927 327
49 931 325
49 934 327
49 940 322
49 943 321
49 948 320
49 950 316
49 954 316
49 957 318
49 964 316
49 967 316
49 971 316
49 974 314
49 978 312
49 981 310
49 984 312
49 986 312
49 990 311
49 993 311
49 997 310
49 1000 311
49 1004 307
49 1007 307
49 1010 307
49 1013 306
49 1016 304
49 1020 304
49 1023 302
49 1026 301
49 1030 301
49 1033 301
49 1036 296
49 1039 295
49 1042 295
49 1045 294
49 1049 294
49 1051 294
49 1054 289
49 1057 290
49 1060 288
49 1063 289
49 1066 283
49 1069 284
49 1073 283
49 1077 283
49 1080 282
49 1084 283
49 1088 281
49 1092 280
49 1094 278
49 1097 278
49 1100 273
49 1103 274
49 1107 274
49 1111 274
49 1115 273
49 1118 271
49 1121 272
49 1124 272
49 1128 270
49 1131 269
49 1134 271
49 1137 268
49 1140 268
49 1144 266
49 1147 263
49 1150 263
49 1153 264
49 1157 261
49 1160 261
49 1163 261
49 1166 260
49 1169 260
49 1172 262
49 1175 258
49 1183 255
49 1188 256
49 1191 254
49 1196 253
49 1199 252
49 1202 253
49 1204 250
49 1207 250
49 1210 252
49 1213 249
49 1216 250
49 1219 249
49 1222 248
49 1225 246
49 1228 249
49 1232 246
49 1235 246
49 1238 246
49 1241 242
49 1243 242
49 1246 242
49 1249 241
49 1252 243
49 1256 239
49 1259 240
49 1263 239
49 1266 239
49 1270 239
49 1273 239
49 1276 239
49 1279 236
49 1281 236
49 1285 233
49 1288 236
49 1292 233
49 1295 233
49 1298 233
49 1301 231
49 1305 230
49 1308 232
49 1313 232
49 1316 230
49 1320 231
49 1323 228
49 1326 228
49 1330 229
49 1333 229
49 1336 228
49 1341 227
49 1344 226
49 1347 227
49 1350 225
49 1352 223
49 1355 222
49 1358 224
49 1361 224
49 1365 222
49 1368 223
49 1371 225
49 1375 223
49 1378 220
49 1381 223
49 1384 223
49 1387 220
49 1390 220
49 1393 222
49 1396 220
49 1399 217
49 1402 217
49 1406 219
49 1409 218
49 1412 217
49 1415 217
49 1417 216
49 1420 218
49 1424 214
49 1427 216
49 1430 214
49 1433 216
49 1437 215
49 1441 212
49 1444 204
49 1447 198
49 1452 192
49 1455 190
49 1458 189
49 1461 191
49 1464 189
49 1467 189
49 1471 190
49 1474 190
49 1478 189
49 1481 188
49 1484 189
49 1487 188
49 1490 188
49 1493 187
49 1496 188
49 1499 188
49 1502 188
49 1505 189
49 1508 188
49 1511 188
49 1514 187
49 1517 188
49 1520 189
49 1523 187
49 1526 186
49 1528 186
49 1532 185
49 1535 185
49 1539 186
49 1542 185
49 1545 185
49 1548 184
49 1551 183
49 1555 181
49 1559 180
49 1562 181
49 1564 180
49 1568 181
49 1570 182
49 1573 182
49 1576 183
49 1579 184
49 1582 183
49 1584 182
49 1587 184
49 1590 182
49 1592 182
49 1595 183
49 1598 181
49 1601 181
49 1604 182
49 1606 182
49 1610 181
49 1613 180
49 1616 180
49 1619 181
49 1622 180
49 1625 180
49 1628 180
49 1631 180
49 1633 180
49 1637 179
49 1640 180
49 1643 179
49 1646 179
49 1648 179
49 1651 178
49 1654 178
49 1656 177
49 1660 177
49 1663 178
49 1665 177
49 1669 177
49 1672 177
49 1675 176
49 1678 175
49 1681 175
49 1684 176
49 1688 178
49 1691 180
49 1693 185
49 1696 187
49 1699 191
49 1702 189
49 1705 189
49 1709 189
49 1712 190
49 1715 189
49 1718 190
49 1721 189
49 1723 190
49 1726 190
49 1728 189
49 1731 190
49 1734 188
49 1737 188
49 1741 188
49 1744 188
49 1748 188
49 1751 188
49 1754 188
49 1757 187
49 1760 186
49 1762 186
49 1765 187
49 1768 186
49 1771 185
49 1774 185
49 1777 185
49 1781 186
49 1784 184
49 1787 186
49 1790 185
49 1793 185
49 1795 185
49 1798 185
49 1801 184
49 1803 186
49 1806 184
49 1810 184
49 1813 184
49 1817 184
49 1820 184
49 1823 184
49 1826 184
49 1830 185
49 1834 184
49 1836 181
49 1839 183
49 1842 182
49 1844 183
49 1848 184
49 1851 183
49 1854 183
49 1857 183
49 1860 183
49 1862 183
49 1865 182
49 1868 183
49 1872 184
49 1875 183
49 1878 180
49 1881 182
49 1884 183
49 1887 181
49 1890 181
49 1894 182
49 1897 181
49 1902 183
49 1905 183
49 1908 183
49 1910 182
49 1913 181
49 1917 181
49 1919 181
49 1922 181
49 1925 180
49 1929 180
49 1932 183
49 1934 181
49 1937 181
49 1940 180
49 1943 181
49 1946 181
49 1948 180
49 1951 180
49 1953 181
49 1956 181
49 1960 178
49 1963 181
49 1966 179
49 1969 180
49 1972 180
49 1975 181
49 1978 179
49 1981 180
49 1984 180
49 1988 179
49 1991 181
49 1994 179
49 1997 178
49 2002 179
49 2005 179
49 2009 180
49 2012 178
49 2014 179
49 2018 180
49 2020 180
49 2023 179
49 2026 179
49 2029 180
49 2032 179
49 2036 180
49 2039 180
49 2043 178
49 2046 178
49 2050 179
49 2054 179
49 2058 179
49 2061 178
49 2065 178
49 2068 180
49 2073 179
49 2076 179
49 2080 178
49 2084 178
49 2087 179
49 2090 179
49 2093 179
65 1844 183
65 1842 185
65 1839 183
65 1836 183
65 1832 185
65 1829 184
65 1826 185
65 1823 185
65 1819 185
65 1816 184
65 1813 186
65 1810 185
65 1807 184
65 1805 186
65 1803 187
65 1801 188
65 1799 185
65 1795 186
65 1792 185
65 1789 185
65 1785 186
65 1781 186
65 1777 188
65 1774 187
65 1770 185
65 1767 186
65 1763 188
65 1760 187
65 1755 188
65 1752 188
65 1750 187
65 1746 189
65 1743 188
65 1739 188
65 1734 190
65 1732 188
65 1728 190
65 1725 190
65 1723 191
65 1720 188
65 1717 190
65 1714 190
65 1711 189
65 1708 189
65 1704 191
65 1700 190
65 1697 190
65 1694 188
65 1691 187
65 1688 180
65 1685 178
65 1682 175
65 1678 175
65 1675 175
65 1672 175
65 1669 176
65 1666 176
65 1664 177
65 1661 176
65 1657 178
65 1654 177
65 1650 177
65 1648 177
65 1644 178
65 1641 178
65 1638 180
65 1635 179
65 1632 179
65 1629 179
65 1626 180
65 1624 180
65 1620 181
65 1617 181
65 1613 180
65 1610 181
65 1607 180
65 1604 181
65 1600 181
65 1597 181
65 1594 183
65 1592 182
65 1590 182
65 1587 182
65 1585 183
65 1581 182
65 1578 184
65 1576 183
65 1573 182
65 1571 182
65 1568 183
65 1566 182
65 1563 181
65 1560 181
65 1557 180
65 1554 181
65 1552 181
65 1549 183
65 1545 184
65 1542 184
65 1540 185
65 1536 185
65 1533 185
65 1530 185
65 1528 188
65 1524 186
65 1521 186
65 1519 186
65 1516 186
65 1512 187
65 1510 188
65 1507 187
65 1504 188
65 1500 187
65 1498 187
65 1496 186
65 1493 186
65 1489 188
65 1487 188
65 1484 188
65 1481 188
65 1478 187
65 1476 189
65 1473 189
65 1470 188
65 1466 190
65 1464 190
65 1460 188
65 1458 188
65 1454 188
65 1451 190
65 1449 192
65 1446 196
65 1439 210
65 1437 215
65 1434 216
65 1431 217
65 1428 216
65 1425 215
65 1422 215
65 1420 218
65 1418 216
65 1414 218
65 1412 219
65 1408 220
65 1406 220
65 1402 220
65 1399 219
65 1397 220
65 1393 221
65 1390 221
65 1387 219
65 1385 221
65 1382 221
65 1378 219
65 1375 222
65 1373 221
65 1368 222
65 1365 223
65 1362 223
65 1359 222
65 1356 224
65 1354 223
65 1351 225
65 1349 225
65 1344 229
65 1341 227
65 1338 228
65 1335 229
65 1331 228
65 1328 229
65 1324 232
65 1321 230
65 1317 230
65 1314 233
65 1311 230
65 1308 233
65 1305 234
65 1302 234
65 1298 233
65 1295 233
65 1290 236
65 1287 237
65 1284 236
65 1281 236
65 1278 236
65 1275 237
65 1271 237
65 1268 237
65 1264 239
65 1261 238
65 1258 240
65 1255 240
65 1252 240
65 1248 240
65 1246 240
65 1244 243
65 1240 244
65 1238 245
65 1234 247
65 1232 250
65 1228 250
65 1225 253
65 1222 253
65 1219 254
65 1215 254
65 1212 255
65 1208 255
65 1206 256
65 1202 257
65 1200 259
65 1196 258
65 1193 258
65 1189 259
65 1182 262
65 1179 261
65 1175 266
65 1172 267
65 1168 268
65 1165 269
65 1162 266
65 1158 268
65 1155 269
65 1153 271
65 1150 269
65 1145 271
65 1142 271
65 1138 272
65 1135 272
65 1130 274
65 1127 275
65 1124 276
65 1122 276
65 1119 275
65 1116 280
65 1112 279
65 1108 280
65 1104 281
65 1100 282
65 1096 284
65 1093 283
65 1090 286
65 1086 287
65 1084 289
65 1080 290
65 1077 287
65 1073 289
65 1070 293
65 1067 291
65 1064 296
65 1061 296
65 1059 296
65 1056 300
65 1053 298
65 1050 297
65 1047 298
65 1045 300
65 1042 302
65 1039 302
65 1036 303
65 1033 306
65 1029 309
65 1026 309
65 1023 310
65 1020 312
65 1017 312
65 1014 309
65 1011 310
65 1007 313
65 1003 312
65 999 316
65 996 316
65 992 316
65 989 320
65 985 319
65 982 318
65 979 317
65 975 321
65 972 320
65 969 323
65 965 322
65 962 323
65 957 323
65 954 323
65 951 320
65 947 322
65 944 324
65 940 328
65 937 328
65 934 328
65 931 325
65 928 328
65 924 331
65 921 331
65 918 330
65 915 331
65 912 333
65 910 335
65 907 333
65 904 338
65 901 340
65 898 346
65 894 354
65 891 362
65 888 370
65 885 378
65 881 381
65 878 380
65 874 374
65 870 372
65 867 375
65 864 375
65 860 383
65 857 385
65 854 392
65 851 392
65 848 394
65 844 401
65 840 398
65 836 400
65 832 398
65 829 403
65 825 407
65 820 405
65 817 413
65 812 413
65 808 413
65 804 423
65 800 420
65 797 426
65 793 435
65 789 438
65 786 439
65 782 441
65 779 439
65 776 436
65 772 434
65 769 431
65 765 433
65 761 435
65 757 436
65 753 436
65 750 434
65 746 428
65 742 406
65 739 388
65 735 383
65 732 384
65 728 391
65 724 394
65 721 393
65 716 399
65 713 401
65 709 397
65 706 398
65 703 401
65 700 408
65 696 407
65 693 408
65 689 416
65 685 450
65 680 512
65 675 539
65 670 548
65 665 552
65 659 563
65 655 571
65 650 575
65 646 580
65 640 578
65 636 572
65 631 570
65 626 574
65 621 576
65 618 571
65 613 578
65 609 574
65 605 571
65 601 573
65 596 571
65 592 567
65 587 571
65 582 578
65 577 586
65 572 617
65 566 627
65 560 651
65 555 669
65 549 698
65 543 703
65 536 701
65 531 703
65 527 701
65 522 703
65 518 700
65 514 697
65 510 695
65 504 701
65 500 675
65 494 655
65 488 651
65 483 663
65 476 738
65 470 802
65 466 770
65 461 751
65 455 746
65 449 768
65 445 750
65 439 728
65 434 727
65 428 732
65 423 754
65 415 814
65 410 822
65 406 825
65 402 824
65 398 818
65 394 815
65 389 817
65 382 844
65 375 891
65 368 946
65 363 955
65 359 959
65 356 959
65 352 957
65 349 957
65 346 958
65 342 960
65 338 965
65 334 967
65 329 966
65 326 967
65 321 966
65 317 966
65 314 965
65 310 964
65 307 963
65 303 963
65 299 962
65 296 964
65 292 964
65 288 962
65 284 962
65 280 965
65 276 965
65 273 963
65 270 960
65 267 963
65 264 961
65 261 963
65 257 963
65 254 963
65 251 963
65 248 961
65 245 964
65 242 961
65 240 962
65 237 963
65 234 964
65 230 962
65 226 969
65 222 315
65 219 313
65 216 312
65 212 311
65 209 312
65 206 311
65 202 310
65 199 307
65 194 307
65 188 998
65 182 1008
65 178 519
65 175 528
65 172 534
65 168 537
65 164 540
65 161 542
65 158 543
65 155 544
65 151 543
65 147 541
65 142 938
65 138 953
65 135 955
65 132 954
65 128 946
65 125 933
65 120 902
65 116 880
65 110 1
65 104 548
65 100 547
65 96 544
81 270 964
81 273 963
81 276 965
81 280 961
81 283 966
81 289 960
81 292 965
81 297 965
81 301 967
81 305 960
81 308 966
81 312 967
81 315 968
81 319 973
81 323 967
81 327 972
81 330 970
81 334 965
81 338 973
81 341 968
81 344 962
81 347 960
81 349 960
81 352 959
81 354 960
81 356 963
81 359 964
81 362 966
81 366 961
81 372 947
81 380 910
81 385 875
81 393 843
81 399 826
81 403 823
81 408 826
81 413 824
81 424 799
81 428 740
81 433 730
81 438 723
81 444 735
81 448 745
81 453 758
81 459 753
81 463 740
81 466 748
81 473 794
81 479 825
81 486 716
81 492 652
81 497 658
81 502 690
81 509 697
81 514 703
81 518 698
81 522 707
81 526 703
81 530 701
81 533 715
81 537 696
81 543 704
81 548 707
81 553 711
81 558 709
81 563 708
81 568 699
81 575 688
81 582 598
81 589 573
81 593 577
81 598 576
81 602 576
81 606 577
81 610 573
81 614 582
81 617 579
81 622 577
81 626 581
81 630 577
81 634 581
81 638 582
81 642 581
81 646 590
81 650 585
81 654 587
81 659 586
81 664 572
81 669 578
81 674 564
81 678 562
81 683 549
81 687 513
81 692 439
81 695 414
81 698 404
81 702 402
81 705 402
81 708 405
81 712 396
81 716 396
81 720 395
81 723 392
81 725 390
81 729 388
81 732 388
81 735 387
81 739 393
81 743 419
81 748 444
81 752 453
81 756 453
81 759 456
81 762 452
81 765 454
81 769 457
81 772 457
81 776 457
81 780 453
81 785 462
81 788 461
81 792 463
81 795 463
81 799 465
81 802 463
81 807 462
81 811 456
81 814 459
81 818 455
81 822 449
81 826 442
81 829 446
81 833 443
81 837 440
81 840 437
81 844 433
81 848 433
81 852 429
81 855 431
81 859 423
81 862 423
81 866 425
81 869 423
81 872 421
81 874 420
81 877 422
81 881 419
81 884 414
81 888 412
81 891 405
81 895 395
81 898 372
81 902 355
81 904 349
81 908 346
81 911 341
81 914 339
81 918 337
81 922 340
81 925 336
81 928 339
81 931 334
81 934 334
81 939 333
81 942 334
81 947 333
81 949 335
81 952 334
81 956 334
81 959 335
81 962 340
81 965 339
81 968 336
81 972 337
81 976 338
81 979 339
81 981 342
81 984 342
81 987 341
81 990 347
81 993 341
81 998 345
81 1001 344
81 1005 343
81 1008 345
81 1011 347
81 1014 346
81 1017 349
81 1020 347
81 1023 346
81 1026 349
81 1031 352
81 1034 353
81 1038 351
81 1041 346
81 1045 349
81 1048 346
81 1051 345
81 1054 344
81 1057 343
81 1059 341
81 1062 345
81 1065 340
81 1068 341
81 1071 339
81 1075 336
81 1078 336
81 1082 336
81 1085 335
81 1090 334
81 1093 330
81 1097 331
81 1100 329
81 1104 328
81 1107 327
81 1111 327
81 1114 323
81 1118 325
81 1121 323
81 1124 323
81 1127 316
81 1131 319
81 1134 317
81 1137 316
81 1141 314
81 1144 314
81 1147 315
81 1151 314
81 1155 311
81 1159 312
81 1162 310
81 1165 310
81 1168 309
81 1171 307
81 1175 306
81 1178 304
81 1182 303
81 1186 300
81 1189 301
81 1193 300
81 1196 298
81 1199 295
81 1202 297
81 1205 295
81 1208 294
81 1212 295
81 1215 293
81 1218 292
81 1221 290
81 1224 291
81 1227 289
81 1230 286
81 1232 284
81 1235 279
81 1239 266
81 1242 259
81 1244 249
81 1250 242
81 1253 244
81 1256 241
81 1259 244
81 1263 241
81 1266 243
81 1270 243
81 1273 245
81 1276 244
81 1279 246
81 1282 243
81 1286 247
81 1290 244
81 1295 243
81 1298 242
81 1301 242
81 1304 241
81 1307 243
81 1310 240
81 1313 239
81 1317 239
81 1320 239
81 1323 239
81 1326 238
81 1330 239
81 1333 236
81 1336 237
81 1339 235
81 1342 236
81 1345 234
81 1348 235
81 1351 233
81 1354 233
81 1357 234
81 1359 233
81 1362 232
81 1366 234
81 1369 233
81 1373 232
81 1375 234
81 1378 231
81 1381 231
81 1384 234
81 1390 234
81 1393 232
81 1396 234
81 1399 233
81 1402 233
81 1405 234
81 1408 234
81 1410 234
81 1413 232
81 1416 233
81 1418 235
81 1421 233
81 1424 234
81 1427 235
81 1430 234
81 1432 234
81 1435 232
81 1439 232
81 1442 226
81 1445 218
81 1448 204
81 1451 195
81 1454 194
81 1457 190
81 1460 190
81 1463 191
81 1467 191
81 1470 190
81 1476 190
81 1480 190
81 1483 189
81 1487 189
81 1490 191
81 1493 189
81 1495 190
81 1498 189
81 1502 187
81 1504 189
81 1507 189
81 1509 188
81 1512 188
81 1517 188
81 1520 189
81 1524 188
81 1527 190
81 1529 187
81 1532 188
81 1535 188
81 1538 187
81 1541 187
81 1544 187
81 1546 186
81 1549 186
81 1552 184
81 1558 183
81 1560 183
81 1565 183
81 1568 184
81 1572 183
81 1574 184
81 1578 184
81 1580 183
81 1583 184
81 1586 184
81 1589 184
81 1592 182
81 1594 182
81 1597 183
81 1601 183
81 1604 182
81 1607 183
81 1609 183
81 1612 181
81 1615 181
81 1618 182
81 1620 182
81 1623 181
81 1626 181
81 1630 180
81 1633 180
81 1636 181
81 1640 181
81 1643 180
81 1645 179
81 1648 178
81 1651 180
81 1654 179
81 1656 179
81 1660 177
81 1664 176
81 1667 176
81 1670 177
81 1672 175
81 1676 176
81 1679 175
81 1682 176
81 1685 176
81 1688 178
81 1691 183
81 1694 191
81 1696 195
81 1699 197
81 1703 196
81 1705 196
81 1710 198
81 1713 195
81 1716 196
81 1719 195
81 1722 195
81 1726 196
81 1728 194
81 1732 196
81 1734 195
81 1738 195
81 1741 194
81 1744 192
81 1747 192
81 1751 192
81 1754 194
81 1757 192
81 1760 191
81 1763 191
81 1765 191
81 1767 191
81 1770 190
81 1773 189
81 1776 189
81 1778 189
81 1781 190
81 1785 189
81 1787 189
81 1790 190
81 1793 190
81 1796 192
81 1800 189
81 1802 190
81 1804 189
81 1808 188
81 1811 188
81 1814 188
81 1818 187
81 1820 186
81 1824 188
81 1827 188
81 1829 189
81 1833 188
81 1836 188
81 1839 185
81 1841 187
81 1844 185
81 1847 185
81 1851 187
81 1853 186
81 1857 184
81 1860 185
81 1862 186
81 1866 185
81 1868 186
81 1871 186
81 1875 185
81 1877 185
81 1881 184
81 1883 185
81 1888 184
81 1890 185
81 1894 185
81 1897 183
81 1900 183
81 1903 185
81 1906 183
81 1909 183
81 1912 183
81 1915 184
81 1917 184
81 1920 185
81 1923 183
81 1926 183
81 1929 182
81 1932 182
81 1935 182
81 1937 182
81 1940 182
81 1943 183
81 1946 184
81 1948 182
81 1951 181
81 1953 181
81 1956 181
81 1960 181
81 1962 181
81 1965 182
81 1968 180
81 1971 181
81 1975 182
81 1978 181
81 1981 182
81 1984 181
81 1987 181
81 1990 180
81 1993 180
81 1996 181
81 2002 180
81 2005 180
81 2009 179
81 2011 178
81 2014 180
81 2018 180
81 2020 180
81 2023 179
81 2026 179
81 2029 180
81 2032 180
81 2034 179
81 2038 180
81 2040 180
81 2044 179
81 2047 179
81 2050 179
81 2053 180
81 2056 179
81 2060 178
81 2062 179
81 2065 179
81 2068 179
81 2071 178
81 2075 180
81 2078 179
81 2082 178
81 2085 179
81 2088 179
81 2092 179
98 1845 191
98 1842 191
98 1839 191
98 1836 191
98 1833 192
98 1829 191
98 1823 192
98 1819 192
98 1814 193
98 1811 194
98 1808 195
98 1805 193
98 1803 194
98 1801 192
98 1798 194
98 1796 195
98 1794 195
98 1791 196
98 1788 197
98 1785 197
98 1782 198
98 1779 198
98 1776 198
98 1772 195
98 1769 197
98 1765 198
98 1761 196
98 1758 199
98 1756 199
98 1752 199
98 1748 201
98 1744 201
98 1740 202
98 1736 202
98 1732 203
98 1728 204
98 1724 203
98 1722 204
98 1719 205
98 1716 206
98 1714 204
98 1710 206
98 1706 207
98 1702 205
98 1699 205
98 1695 206
98 1692 201
98 1689 190
98 1685 179
98 1683 176
98 1678 176
98 1675 177
98 1672 176
98 1669 177
98 1666 177
98 1662 178
98 1659 177
98 1655 179
98 1651 180
98 1648 179
98 1646 180
98 1643 179
98 1640 179
98 1637 180
98 1634 180
98 1631 179
98 1627 180
98 1624 181
98 1622 181
98 1619 181
98 1616 182
98 1612 181
98 1608 182
98 1605 181
98 1602 181
98 1599 182
98 1597 183
98 1594 184
98 1592 183
98 1589 183
98 1587 184
98 1585 184
98 1580 183
98 1577 184
98 1575 185
98 1572 184
98 1570 184
98 1567 184
98 1564 184
98 1561 183
98 1558 185
98 1555 186
98 1552 185
98 1548 185
98 1545 185
98 1541 187
98 1538 187
98 1535 186
98 1532 187
98 1529 188
98 1526 187
98 1524 188
98 1520 187
98 1517 187
98 1515 188
98 1512 188
98 1509 186
98 1506 187
98 1503 189
98 1500 188
98 1498 187
98 1495 188
98 1492 187
98 1488 188
98 1484 188
98 1481 188
98 1478 189
98 1475 189
98 1472 188
98 1470 189
98 1467 189
98 1463 190
98 1460 188
98 1457 189
98 1455 189
98 1452 191
98 1446 210
98 1442 229
98 1438 247
98 1435 251
98 1431 250
98 1428 248
98 1425 250
98 1422 248
98 1420 247
98 1418 244
98 1416 248
98 1413 244
98 1410 245
98 1407 244
98 1404 245
98 1401 245
98 1398 241
98 1395 243
98 1392 241
98 1389 241
98 1386 241
98 1382 238
98 1379 238
98 1376 237
98 1373 235
98 1369 235
98 1366 233
98 1363 236
98 1360 236
98 1357 235
98 1353 237
98 1351 239
98 1348 235
98 1345 237
98 1341 237
98 1338 237
98 1334 237
98 1331 240
98 1328 240
98 1325 241
98 1320 241
98 1317 241
98 1314 242
98 1310 243
98 1307 241
98 1303 243
98 1300 245
98 1297 244
98 1294 244
98 1288 250
98 1285 248
98 1281 253
98 1278 257
98 1275 261
98 1272 259
98 1269 260
98 1266 262
98 1261 258
98 1258 261
98 1254 262
98 1251 258
98 1247 262
98 1244 265
98 1241 271
98 1239 282
98 1237 290
98 1234 294
98 1232 300
98 1228 300
98 1225 301
98 1222 299
98 1219 304
98 1216 300
98 1213 303
98 1209 305
98 1206 306
98 1202 306
98 1199 304
98 1196 308
98 1192 309
98 1188 309
98 1183 311
98 1180 312
98 1177 310
98 1172 313
98 1168 310
98 1165 315
98 1162 312
98 1159 318
98 1156 317
98 1153 317
98 1150 319
98 1146 321
98 1143 323
98 1139 321
98 1136 325
98 1133 319
98 1130 324
98 1127 323
98 1124 328
98 1121 324
98 1117 325
98 1113 328
98 1110 328
98 1106 330
98 1103 332
98 1099 334
98 1096 334
98 1092 333
98 1089 334
98 1086 338
98 1083 339
98 1081 337
98 1078 339
98 1075 341
98 1071 340
98 1068 342
98 1065 343
98 1062 347
98 1059 347
98 1056 346
98 1053 345
98 1050 349
98 1047 347
98 1044 349
98 1041 351
98 1038 352
98 1035 351
98 1031 353
98 1028 353
98 1025 350
98 1022 351
98 1018 350
98 1015 347
98 1012 348
98 1009 344
98 1005 344
98 1002 346
98 999 342
98 996 343
98 992 343
98 990 345
98 987 343
98 984 343
98 980 342
98 976 341
98 972 339
98 969 339
98 965 339
98 962 337
98 959 335
98 955 335
98 952 334
98 949 334
98 946 333
98 943 329
98 940 335
98 937 334
98 934 335
98 931 336
98 928 337
98 925 336
98 922 337
98 919 340
98 915 340
98 912 343
98 909 342
98 906 344
98 903 347
98 900 351
98 897 357
98 895 372
98 891 392
98 888 407
98 885 410
98 881 415
98 878 414
98 874 418
98 871 417
98 867 421
98 863 422
98 860 426
98 857 427
98 854 424
98 851 430
98 848 429
98 845 433
98 842 437
98 838 438
98 834 443
98 831 444
98 826 445
98 823 445
98 818 447
98 815 456
98 811 452
98 807 454
98 803 462
98 800 465
98 795 465
98 792 469
98 788 462
98 784 466
98 781 455
98 777 459
98 774 459
98 770 457
98 767 460
98 764 456
98 761 456
98 757 456
98 753 454
98 749 452
98 745 453
98 742 447
98 738 434
98 735 418
98 732 396
98 727 391
98 724 390
98 719 391
98 715 394
98 711 399
98 707 398
98 704 397
98 701 401
98 698 405
98 694 419
98 689 473
98 684 535
98 679 560
98 674 558
98 669 567
98 664 570
98 656 582
98 652 585
98 647 586
98 642 587
98 638 586
98 633 580
98 628 577
98 624 577
98 621 580
98 616 576
98 612 580
98 608 579
98 603 582
98 599 573
98 595 574
98 591 574
98 587 574
98 581 576
98 574 608
98 568 680
98 563 709
98 558 708
98 554 714
98 549 709
98 543 703
98 537 705
98 531 709
98 526 698
98 522 700
98 518 706
98 513 705
98 508 701
98 501 715
98 495 785
98 488 819
98 481 831
98 475 822
98 469 777
98 465 749
98 460 728
98 455 742
98 449 752
98 445 743
98 441 734
98 436 723
98 432 723
98 428 736
98 423 752
98 417 808
98 412 817
98 407 823
98 403 827
98 400 826
98 396 824
98 390 820
98 385 847
98 380 877
98 372 903
98 366 940
98 361 962
98 358 961
98 355 962
98 352 960
98 350 959
98 347 960
98 343 961
98 339 964
98 336 966
98 332 969
98 328 971
98 325 969
98 321 965
98 316 970
98 312 962
98 308 965
98 305 962
98 302 964
98 298 966
98 295 959
98 291 969
98 287 966
98 283 964
98 277 961
98 274 962
98 270 964
98 267 961
98 263 965
98 259 973
98 253 988
98 250 983
98 246 974
98 243 971
98 240 973
98 237 973
98 235 975
98 232 978
98 228 982
98 223 985
98 219 300
98 215 297
98 213 296
98 209 295
98 206 295
98 203 296
98 200 297
98 196 298
98 192 299
98 188 299
98 185 301
98 181 301
98 178 303
98 175 302
98 172 303
98 169 304
98 165 305
98 162 305
98 159 305
98 156 306
98 153 307
98 150 306
98 145 309
98 142 310
98 139 310
98 136 311
98 133 313
98 130 314
98 126 316
98 123 316
98 120 317
98 118 317
98 113 319
98 110 320
98 105 320
98 102 322
98 100 322
98 97 324
114 268 961
114 273 963
114 276 964
114 281 965
114 285 967
114 289 967
114 292 965
114 297 965
114 301 969
114 304 966
114 308 969
114 311 969
114 315 966
114 319 966
114 323 968
114 327 966
114 331 973
114 334 961
114 339 962
114 342 959
114 347 959
114 350 959
114 353 961
114 356 961
114 360 962
114 363 967
114 370 946
114 376 923
114 382 886
114 389 851
114 396 822
114 400 821
114 406 828
114 411 820
114 418 822
114 424 795
114 429 736
114 434 724
114 440 726
114 445 731
114 449 747
114 455 765
114 460 748
114 464 746
114 470 777
114 476 830
114 481 834
114 487 834
114 492 828
114 499 798
114 504 721
114 509 717
114 515 708
114 519 700
114 523 707
114 527 704
114 531 700
114 534 704
114 539 715
114 544 712
114 549 708
114 553 706
114 559 714
114 564 706
114 571 684
114 578 628
114 584 572
114 589 573
114 594 577
114 598 575
114 602 577
114 606 580
114 611 577
114 614 581
114 619 579
114 623 577
114 627 579
114 631 585
114 635 576
114 639 586
114 643 583
114 647 587
114 651 583
114 655 582
114 660 584
114 665 573
114 670 560
114 675 564
114 680 551
114 685 556
114 690 536
114 695 497
114 699 446
114 702 420
114 706 407
114 709 402
114 712 397
114 716 399
114 720 398
114 723 400
114 726 408
114 729 421
114 733 437
114 737 446
114 741 451
114 745 453
114 750 455
114 753 454
114 756 454
114 759 458
114 762 456
114 766 459
114 770 461
114 773 462
114 777 459
114 780 459
114 784 469
114 788 460
114 791 462
114 795 462
114 798 464
114 802 462
114 806 456
114 811 461
114 815 452
114 819 450
114 823 443
114 828 450
114 832 443
114 836 436
114 840 438
114 845 432
114 848 432
114 852 425
114 855 428
114 858 427
114 862 424
114 865 421
114 870 419
114 872 419
114 875 417
114 878 416
114 881 418
114 884 415
114 887 412
114 890 405
114 894 386
114 897 361
114 900 354
114 903 349
114 906 343
114 909 341
114 912 340
114 915 338
114 919 337
114 922 337
114 925 334
114 930 335
114 933 333
114 936 335
114 940 333
114 943 332
114 947 333
114 950 334
114 954 334
114 958 336
114 961 336
114 965 336
114 968 339
114 972 340
114 976 338
114 979 338
114 981 344
114 984 340
114 987 342
114 990 343
114 993 342
114 996 345
114 1001 347
114 1004 346
114 1008 345
114 1011 346
114 1014 349
114 1017 349
114 1020 352
114 1022 353
114 1026 351
114 1029 353
114 1033 354
114 1036 350
114 1040 353
114 1043 352
114 1047 350
114 1049 349
114 1053 347
114 1056 347
114 1058 344
114 1061 348
114 1064 342
114 1067 344
114 1070 341
114 1074 340
114 1077 339
114 1081 335
114 1084 339
114 1087 337
114 1091 337
114 1094 336
114 1097 331
114 1100 331
114 1103 330
114 1106 334
114 1109 329
114 1114 327
114 1117 329
114 1121 325
114 1125 327
114 1128 323
114 1131 323
114 1134 323
114 1137 322
114 1141 321
114 1144 322
114 1147 317
114 1150 319
114 1155 318
114 1158 316
114 1162 314
114 1165 316
114 1168 314
114 1171 312
114 1174 312
114 1177 311
114 1180 312
114 1184 311
114 1188 309
114 1191 306
114 1194 307
114 1197 305
114 1200 306
114 1203 305
114 1206 306
114 1209 302
114 1213 307
114 1215 301
114 1218 303
114 1221 303
114 1225 304
114 1228 300
114 1231 301
114 1234 299
114 1238 297
114 1241 295
114 1245 293
114 1247 291
114 1251 293
114 1254 293
114 1258 291
114 1261 292
114 1264 289
114 1268 289
114 1271 287
114 1274 287
114 1278 281
114 1281 270
114 1285 254
114 1289 250
114 1293 247
114 1296 246
114 1300 246
114 1303 244
114 1307 245
114 1310 243
114 1315 243
114 1319 243
114 1322 242
114 1325 241
114 1329 240
114 1333 241
114 1336 241
114 1339 240
114 1343 238
114 1347 238
114 1352 236
114 1355 237
114 1358 238
114 1361 237
114 1364 239
114 1367 236
114 1370 236
114 1373 238
114 1377 237
114 1380 241
114 1384 243
114 1387 242
114 1391 242
114 1394 242
114 1397 245
114 1401 245
114 1404 244
114 1407 247
114 1410 249
114 1413 249
114 1415 248
114 1418 250
114 1421 251
114 1424 251
114 1427 255
114 1429 256
114 1432 254
114 1435 254
114 1438 258
114 1441 253
114 1444 240
114 1448 220
114 1451 202
114 1454 195
114 1457 192
114 1459 192
114 1463 191
114 1466 191
114 1468 192
114 1472 191
114 1475 191
114 1478 190
114 1481 190
114 1483 192
114 1488 191
114 1491 190
114 1495 190
114 1498 190
114 1501 190
114 1503 190
114 1506 189
114 1509 188
114 1512 188
114 1515 187
114 1518 187
114 1522 187
114 1525 187
114 1528 189
114 1532 187
114 1535 186
114 1538 186
114 1541 186
114 1543 187
114 1546 185
114 1549 185
114 1552 186
114 1555 187
114 1558 186
114 1560 184
114 1565 184
114 1567 184
114 1571 183
114 1574 184
114 1577 183
114 1580 182
114 1582 183
114 1585 182
114 1587 182
114 1589 183
114 1592 183
114 1595 182
114 1599 181
114 1601 181
114 1604 181
114 1607 181
114 1609 181
114 1612 181
114 1615 180
114 1618 181
114 1620 181
114 1623 180
114 1627 180
114 1630 180
114 1633 179
114 1636 180
114 1639 179
114 1642 179
114 1645 179
114 1648 176
114 1651 178
114 1653 179
114 1656 177
114 1659 177
114 1663 177
114 1666 176
114 1669 175
114 1673 175
114 1676 175
114 1679 175
114 1681 175
114 1684 176
114 1687 185
114 1691 202
114 1693 217
114 1696 221
114 1700 224
114 1703 224
114 1706 222
114 1709 223
114 1713 221
114 1717 220
114 1722 218
114 1725 217
114 1727 219
114 1731 219
114 1734 220
114 1737 218
114 1740 216
114 1742 217
114 1746 218
114 1748 216
114 1751 215
114 1754 214
114 1756 214
114 1760 212
114 1763 212
114 1766 212
114 1769 209
114 1773 211
114 1776 211
114 1779 211
114 1783 210
114 1786 209
114 1789 210
114 1793 208
114 1796 206
114 1800 206
114 1802 207
114 1805 206
114 1809 207
114 1812 206
114 1816 205
114 1820 204
114 1823 204
114 1827 203
114 1831 204
114 1834 201
114 1837 201
114 1840 200
114 1843 200
114 1848 200
114 1850 199
114 1853 198
114 1857 198
114 1860 199
114 1863 198
114 1867 196
114 1870 196
114 1874 197
114 1876 195
114 1879 198
114 1881 195
114 1884 196
114 1888 196
114 1890 194
114 1894 191
114 1898 194
114 1900 193
114 1904 195
114 1907 192
114 1909 193
114 1912 191
114 1915 191
114 1920 190
114 1923 191
114 1928 190
114 1930 188
114 1934 190
114 1937 189
114 1940 188
114 1943 188
114 1947 188
114 1950 188
114 1952 188
114 1955 186
114 1959 187
114 1964 186
114 1967 185
114 1971 184
114 1975 184
114 1980 183
114 1983 182
114 1985 184
114 1988 182
114 1992 182
114 1994 184
114 1997 182
114 2003 180
114 2006 181
114 2009 181
114 2013 182
114 2016 182
114 2020 180
114 2023 180
114 2025 181
114 2028 180
114 2032 181
114 2035 180
114 2038 182
114 2040 180
114 2043 181
114 2047 181
114 2050 180
114 2054 179
114 2057 180
114 2061 180
114 2064 180
114 2066 179
114 2069 180
114 2072 179
114 2075 179
114 2079 179
114 2082 179
114 2086 180
114 2089 178
114 2092 179
129 1845 205
129 1842 206
129 1839 207
129 1836 207
129 1833 208
129 1829 207
129 1826 210
129 1823 209
129 1819 212
129 1816 210
129 1813 212
129 1810 212
129 1807 214
129 1805 213
129 1803 214
129 1800 215
129 1798 215
129 1795 216
129 1792 216
129 1786 217
129 1783 218
129 1778 218
129 1775 221
129 1772 219
129 1769 221
129 1766 220
129 1763 223
129 1759 224
129 1756 225
129 1753 225
129 1750 226
129 1746 226
129 1742 226
129 1738 227
129 1734 231
129 1730 230
129 1727 228
129 1724 231
129 1721 230
129 1718 230
129 1715 232
129 1711 233
129 1708 234
129 1703 235
129 1700 233
129 1697 234
129 1694 233
129 1691 228
129 1687 211
129 1684 186
129 1682 180
129 1678 177
129 1675 177
129 1673 177
129 1670 178
129 1667 178
129 1664 178
129 1660 180
129 1657 179
129 1652 179
129 1649 180
129 1647 179
129 1644 180
129 1641 181
129 1638 181
129 1636 181
129 1633 181
129 1628 180
129 1626 181
129 1622 182
129 1619 183
129 1616 183
129 1613 184
129 1609 183
129 1607 183
129 1603 183
129 1601 183
129 1599 183
129 1596 183
129 1593 185
129 1591 184
129 1589 184
129 1586 185
129 1583 184
129 1580 185
129 1578 184
129 1575 185
129 1573 185
129 1569 185
129 1567 184
129 1564 185
129 1560 185
129 1557 186
129 1554 186
129 1551 186
129 1547 185
129 1544 187
129 1540 186
129 1537 187
129 1534 186
129 1531 186
129 1528 188
129 1525 187
129 1523 187
129 1519 186
129 1516 187
129 1514 188
129 1511 187
129 1508 188
129 1504 187
129 1501 186
129 1499 189
129 1496 188
129 1493 188
129 1490 188
129 1485 187
129 1483 188
129 1479 188
129 1476 189
129 1473 189
129 1470 188
129 1467 188
129 1465 189
129 1461 190
129 1458 189
129 1455 191
129 1452 193
129 1449 205
129 1445 223
129 1441 248
129 1438 254
129 1434 253
129 1431 254
129 1429 251
129 1426 253
129 1423 254
129 1420 251
129 1418 251
129 1415 248
129 1411 245
129 1408 244
129 1406 246
129 1402 245
129 1399 245
129 1396 243
129 1394 243
129 1391 243
129 1388 241
129 1385 240
129 1382 239
129 1378 238
129 1375 236
129 1371 237
129 1368 235
129 1363 235
129 1359 234
129 1356 234
129 1353 236
129 1350 235
129 1348 235
129 1344 237
129 1341 235
129 1337 237
129 1334 238
129 1331 239
129 1327 237
129 1323 239
129 1320 239
129 1316 240
129 1313 242
129 1310 238
129 1307 240
129 1304 241
129 1301 244
129 1298 243
129 1295 243
129 1292 244
129 1289 246
129 1286 250
129 1282 254
129 1278 267
129 1275 283
129 1272 288
129 1268 290
129 1265 292
129 1260 291
129 1257 294
129 1252 293
129 1249 296
129 1246 296
129 1243 293
129 1241 295
129 1238 296
129 1234 300
129 1232 296
129 1228 299
129 1225 302
129 1222 301
129 1219 300
129 1216 304
129 1211 302
129 1208 303
129 1205 306
129 1202 305
129 1199 308
129 1195 306
129 1192 309
129 1188 309
129 1185 313
129 1181 313
129 1178 311
129 1174 315
129 1171 316
129 1167 316
129 1164 316
129 1161 317
129 1158 318
129 1155 318
129 1152 315
129 1148 318
129 1143 318
129 1140 321
129 1135 321
129 1132 321
129 1129 325
129 1126 325
129 1123 329
129 1120 325
129 1116 325
129 1110 328
129 1106 327
129 1101 332
129 1098 332
129 1094 332
129 1091 335
129 1087 334
129 1084 336
129 1081 339
129 1077 338
129 1074 339
129 1070 341
129 1067 340
129 1065 344
129 1061 346
129 1058 344
129 1055 345
129 1052 348
129 1049 348
129 1047 350
129 1044 350
129 1041 349
129 1037 350
129 1034 355
129 1031 354
129 1028 351
129 1025 350
129 1023 351
129 1020 353
129 1017 350
129 1013 349
129 1011 349
129 1007 348
129 1004 347
129 1000 346
129 996 347
129 993 343
129 990 343
129 987 342
129 984 343
129 981 343
129 977 341
129 974 341
129 970 339
129 967 340
129 964 339
129 960 337
129 957 337
129 954 337
129 951 337
129 947 334
129 945 332
129 942 333
129 939 334
129 936 333
129 933 338
129 930 334
129 927 336
129 924 337
129 921 338
129 917 337
129 914 340
129 910 342
129 907 342
129 904 345
129 902 348
129 899 351
129 896 357
129 893 372
129 891 386
129 888 404
129 884 414
129 881 416
129 875 412
129 872 419
129 868 418
129 865 419
129 861 424
129 858 425
129 854 426
129 851 427
129 848 429
129 845 427
129 842 435
129 838 437
129 835 439
129 828 441
129 825 449
129 821 448
129 817 450
129 814 459
129 811 458
129 806 455
129 803 460
129 797 467
129 794 464
129 790 462
129 787 464
129 782 460
129 779 462
129 775 464
129 772 460
129 768 459
129 765 460
129 762 454
129 759 457
129 755 457
129 751 457
129 748 457
129 744 454
129 740 452
129 737 452
129 734 451
129 730 450
129 727 454
129 723 447
129 720 447
129 716 439
129 710 440
129 706 444
129 702 450
129 699 460
129 695 482
129 690 516
129 686 543
129 681 548
129 676 557
129 671 563
129 666 567
129 660 567
129 655 576
129 651 582
129 647 586
129 643 590
129 638 582
129 633 586
129 629 584
129 623 577
129 619 580
129 615 579
129 611 579
129 607 579
129 602 580
129 598 583
129 594 573
129 590 574
129 586 573
129 581 577
129 576 592
129 569 657
129 564 701
129 559 711
129 554 711
129 550 712
129 545 705
129 539 707
129 534 706
129 529 713
129 524 705
129 520 708
129 515 706
129 511 705
129 506 706
129 500 723
129 494 762
129 487 828
129 481 835
129 473 836
129 468 809
129 464 760
129 460 746
129 454 747
129 449 764
129 445 762
129 441 741
129 436 728
129 431 724
129 425 720
129 419 776
129 414 809
129 410 827
129 405 829
129 400 829
129 395 822
129 389 835
129 384 856
129 377 892
129 369 932
129 362 956
129 359 964
129 353 963
129 350 962
129 346 963
129 344 962
129 341 961
129 338 964
129 334 970
129 331 970
129 327 968
129 323 969
129 319 962
129 314 970
129 311 966
129 308 968
129 304 964
129 301 965
129 296 970
129 292 965
129 288 962
129 285 968
129 281 967
129 277 966
129 273 965
129 269 963
129 265 966
129 262 971
129 258 973
129 253 986
129 250 978
129 246 978
129 243 970
129 239 973
129 236 973
129 233 975
129 228 982
129 224 984
129 219 987
129 215 987
129 210 299
129 207 297
129 202 295
129 199 294
129 196 294
129 193 293
129 188 293
129 184 293
129 180 294
129 177 294
129 174 294
129 171 295
129 168 295
129 165 294
129 162 295
129 159 294
129 155 296
129 153 295
129 149 296
129 146 296
129 143 296
129 140 295
129 137 295
129 134 294
129 131 295
129 128 294
129 122 293
129 120 293
129 117 292
129 114 293
129 110 292
129 107 293
129 102 294
129 99 293
146 270 969
146 273 969
146 276 969
146 280 964
146 284 967
146 288 965
146 292 969
146 297 966
146 301 971
146 306 964
146 309 966
146 314 961
146 317 967
146 321 964
146 325 970
146 328 969
146 332 974
146 336 968
146 339 965
146 342 963
146 345 960
146 347 960
146 349 962
146 351 963
146 354 962
146 357 964
146 360 965
146 364 964
146 369 948
146 375 921
146 381 902
146 388 874
146 396 833
146 400 822
146 406 827
146 411 822
146 416 817
146 422 784
146 427 732
146 432 729
146 438 725
146 442 734
146 446 738
146 450 751
146 455 750
146 460 738
146 463 744
146 467 748
146 474 772
146 480 784
146 488 797
146 494 766
146 499 730
146 504 710
146 510 707
146 514 697
146 519 699
146 523 704
146 527 715
146 531 700
146 535 707
146 539 704
146 544 715
146 548 708
146 553 714
146 558 709
146 562 710
146 567 699
146 575 644
146 580 593
146 585 588
146 590 575
146 595 580
146 599 575
146 603 574
146 607 579
146 611 576
146 614 582
146 618 577
146 622 584
146 627 583
146 631 580
146 635 577
146 639 583
146 643 581
146 647 588
146 650 591
146 655 585
146 660 586
146 665 576
146 670 569
146 674 564
146 679 558
146 683 560
146 687 549
146 692 532
146 696 497
146 700 467
146 704 461
146 707 455
146 711 450
146 714 449
146 717 453
146 720 449
146 723 449
146 726 450
146 729 453
146 732 448
146 735 454
146 739 453
146 743 454
146 746 453
146 751 454
146 754 459
146 757 455
146 760 455
146 763 456
146 767 459
146 770 457
146 773 461
146 777 461
146 782 463
146 785 465
146 789 463
146 792 460
146 795 464
146 799 466
146 802 464
146 807 459
146 811 456
146 815 456
146 818 455
146 822 449
146 826 442
146 830 443
146 834 438
146 838 442
146 841 431
146 845 436
146 849 431
146 852 429
146 856 427
146 859 425
146 863 421
146 867 420
146 870 419
146 872 417
146 875 416
146 878 417
146 883 412
146 886 405
146 890 403
146 894 383
146 897 365
146 900 351
146 903 347
146 906 347
146 908 340
146 913 339
146 916 339
146 920 338
146 923 338
146 927 336
146 930 334
146 935 337
146 938 333
146 941 335
146 944 332
146 948 333
146 951 335
146 955 335
146 958 338
146 962 337
146 966 337
146 972 338
146 975 340
146 980 340
146 983 341
146 986 343
146 989 343
146 993 347
146 996 346
146 999 344
146 1002 349
146 1005 347
146 1009 349
146 1012 349
146 1015 347
146 1018 350
146 1023 351
146 1026 351
146 1030 354
146 1034 354
146 1037 351
146 1040 352
146 1044 350
146 1047 348
146 1052 343
146 1055 347
146 1057 344
146 1060 345
146 1063 342
146 1067 342
146 1071 342
146 1074 343
146 1079 341
146 1082 335
146 1086 333
146 1090 336
146 1093 333
146 1096 334
146 1100 332
146 1103 331
146 1107 331
146 1110 332
146 1113 332
146 1117 330
146 1121 328
146 1125 327
146 1128 327
146 1131 325
146 1133 325
146 1136 321
146 1140 322
146 1145 320
146 1149 321
146 1152 321
146 1156 318
146 1159 317
146 1162 315
146 1165 317
146 1169 314
146 1172 314
146 1176 312
146 1180 311
146 1183 313
146 1186 311
146 1190 310
146 1194 306
146 1197 308
146 1201 309
146 1204 304
146 1207 304
146 1210 305
146 1215 303
146 1218 302
146 1221 303
146 1223 299
146 1227 302
146 1230 299
146 1233 301
146 1236 299
146 1239 296
146 1242 296
146 1245 295
146 1247 298
146 1251 297
146 1254 297
146 1257 294
146 1260 294
146 1264 292
146 1268 293
146 1272 291
146 1275 287
146 1278 280
146 1281 268
146 1284 256
146 1289 246
146 1292 247
146 1296 242
146 1299 245
146 1303 246
146 1307 243
146 1310 243
146 1313 243
146 1316 243
146 1318 242
146 1321 241
146 1323 241
146 1327 241
146 1332 240
146 1335 240
146 1338 240
146 1341 239
146 1345 239
146 1348 237
146 1351 239
146 1353 238
146 1357 236
146 1359 238
146 1363 237
146 1366 237
146 1369 238
146 1372 239
146 1376 239
146 1379 241
146 1383 240
146 1386 240
146 1389 241
146 1392 241
146 1395 244
146 1397 246
146 1400 245
146 1403 244
146 1406 249
146 1409 248
146 1412 249
146 1414 249
146 1417 249
146 1420 250
146 1423 252
146 1426 253
146 1429 253
146 1431 256
146 1435 257
146 1439 259
146 1442 255
146 1445 251
146 1448 241
146 1452 217
146 1455 201
146 1458 193
146 1461 191
146 1464 193
146 1467 190
146 1470 190
146 1472 190
146 1475 190
146 1479 189
146 1482 190
146 1485 190
146 1488 189
146 1491 189
146 1493 190
146 1496 189
146 1498 188
146 1502 190
146 1505 188
146 1507 187
146 1510 187
146 1513 187
146 1516 188
146 1519 187
146 1523 189
146 1527 186
146 1531 188
146 1534 186
146 1537 186
146 1539 185
146 1543 185
146 1545 184
146 1548 186
146 1552 185
146 1556 184
146 1559 184
146 1563 184
146 1565 183
146 1568 184
146 1570 183
146 1574 183
146 1577 183
146 1579 184
146 1582 183
146 1587 181
146 1589 183
146 1592 183
146 1595 181
146 1598 181
146 1601 181
146 1604 180
146 1607 181
146 1611 180
146 1613 182
146 1617 179
146 1619 181
146 1622 179
146 1627 180
146 1630 180
146 1633 179
146 1636 179
146 1639 178
146 1642 179
146 1645 178
146 1648 178
146 1651 178
146 1654 176
146 1658 176
146 1661 177
146 1664 175
146 1666 177
146 1669 175
146 1672 176
146 1676 176
146 1679 175
146 1681 176
146 1684 180
146 1687 199
146 1691 224
146 1693 233
146 1699 237
146 1703 235
146 1706 234
146 1710 234
146 1713 235
146 1716 235
146 1720 235
146 1723 235
146 1726 234
146 1729 236
146 1731 234
146 1734 233
146 1737 235
146 1740 232
146 1743 232
146 1746 235
146 1749 233
146 1752 232
146 1756 231
146 1759 232
146 1761 231
146 1763 233
146 1766 231
146 1768 231
146 1771 230
146 1775 230
146 1777 229
146 1780 228
146 1783 228
146 1786 228
146 1789 229
146 1792 227
146 1795 227
146 1798 226
146 1801 225
146 1803 225
146 1806 225
146 1809 223
146 1812 226
146 1815 224
146 1818 224
146 1821 223
146 1824 221
146 1827 221
146 1830 221
146 1833 222
146 1836 220
146 1839 220
146 1842 219
146 1846 219
146 1851 216
146 1853 214
146 1857 215
146 1859 213
146 1863 214
146 1866 213
146 1871 213
146 1874 210
146 1879 209
146 1882 208
146 1886 208
146 1889 208
146 1891 205
146 1895 206
146 1898 205
146 1901 204
146 1904 204
146 1907 202
146 1910 202
146 1913 201
146 1916 202
146 1918 202
146 1921 199
146 1925 200
146 1927 200
146 1931 198
146 1934 197
146 1937 197
146 1939 196
146 1942 194
146 1945 194
146 1948 193
146 1951 194
146 1953 194
146 1956 194
146 1959 192
146 1962 190
146 1965 192
146 1968 190
146 1972 190
146 1975 191
146 1978 189
146 1982 188
146 1984 189
146 1987 189
146 1990 186
146 1992 188
146 1997 186
146 2001 184
146 2004 185
146 2007 184
146 2010 185
146 2013 184
146 2015 183
146 2018 182
146 2022 182
146 2024 182
146 2027 180
146 2030 180
146 2033 181
146 2036 180
146 2039 181
146 2043 180
146 2047 181
146 2050 180
146 2053 180
146 2055 181
146 2058 180
146 2061 181
146 2064 181
146 2067 181
146 2071 180
146 2074 180
146 2077 182
146 2081 181
146 2083 182
146 2086 179
146 2089 180
146 2092 180
163 1846 224
163 1844 223
163 1841 224
163 1838 224
163 1835 225
163 1831 225
163 1828 225
163 1825 227
163 1818 227
163 1815 228
163 1812 227
163 1810 229
163 1807 228
163 1804 228
163 1801 229
163 1798 228
163 1794 229
163 1790 231
163 1787 231
163 1784 232
163 1780 231
163 1776 232
163 1773 232
163 1770 231
163 1766 234
163 1763 233
163 1760 233
163 1757 234
163 1753 232
163 1748 233
163 1745 233
163 1741 233
163 1737 232
163 1733 234
163 1730 234
163 1728 234
163 1722 234
163 1719 234
163 1715 235
163 1712 236
163 1707 235
163 1704 235
163 1701 236
163 1697 237
163 1694 237
163 1691 235
163 1688 230
163 1686 217
163 1682 189
163 1679 178
163 1676 176
163 1673 175
163 1671 176
163 1668 176
163 1665 176
163 1661 176
163 1658 177
163 1654 176
163 1650 177
163 1647 178
163 1644 178
163 1641 178
163 1637 179
163 1635 179
163 1630 179
163 1627 180
163 1624 180
163 1620 181
163 1616 181
163 1613 181
163 1609 182
163 1607 181
163 1602 183
163 1600 181
163 1597 180
163 1595 181
163 1592 182
163 1590 182
163 1587 182
163 1584 183
163 1579 182
163 1577 183
163 1573 182
163 1571 183
163 1567 183
163 1565 183
163 1562 185
163 1558 184
163 1555 185
163 1548 184
163 1545 185
163 1541 185
163 1538 184
163 1535 185
163 1532 185
163 1530 186
163 1526 185
163 1523 187
163 1520 187
163 1518 186
163 1515 186
163 1512 185
163 1509 187
163 1506 186
163 1501 187
163 1499 188
163 1496 188
163 1493 187
163 1489 188
163 1487 187
163 1483 188
163 1481 189
163 1476 188
163 1473 187
163 1470 187
163 1467 189
163 1465 188
163 1462 189
163 1459 191
163 1455 198
163 1452 214
163 1449 233
163 1445 250
163 1441 256
163 1438 254
163 1435 255
163 1433 254
163 1429 253
163 1425 253
163 1422 250
163 1420 252
163 1418 252
163 1415 249
163 1412 251
163 1410 249
163 1407 248
163 1404 243
163 1401 247
163 1398 243
163 1396 246
163 1393 244
163 1390 242
163 1387 240
163 1384 242
163 1380 239
163 1376 237
163 1373 238
163 1369 237
163 1366 236
163 1363 235
163 1360 235
163 1358 235
163 1353 236
163 1351 235
163 1347 236
163 1344 238
163 1340 236
163 1337 239
163 1334 239
163 1331 240
163 1324 240
163 1321 242
163 1318 240
163 1315 241
163 1311 244
163 1308 242
163 1305 243
163 1301 246
163 1297 247
163 1293 247
163 1290 245
163 1286 247
163 1283 251
163 1280 256
163 1277 270
163 1274 283
163 1270 290
163 1266 292
163 1261 296
163 1258 293
163 1253 293
163 1250 295
163 1246 297
163 1243 297
163 1240 298
163 1237 297
163 1235 298
163 1232 299
163 1229 298
163 1226 300
163 1224 301
163 1221 299
163 1217 301
163 1214 301
163 1211 304
163 1206 306
163 1203 306
163 1200 308
163 1197 308
163 1194 309
163 1190 310
163 1186 312
163 1182 312
163 1178 311
163 1175 314
163 1171 313
163 1168 315
163 1165 315
163 1161 313
163 1158 320
163 1155 318
163 1152 317
163 1145 319
163 1140 321
163 1137 323
163 1133 322
163 1129 323
163 1126 326
163 1123 327
163 1121 330
163 1118 325
163 1115 325
163 1111 330
163 1108 331
163 1104 331
163 1100 332
163 1097 332
163 1093 333
163 1090 332
163 1087 336
163 1084 337
163 1080 341
163 1077 341
163 1074 338
163 1071 343
163 1068 344
163 1065 341
163 1062 344
163 1059 345
163 1056 346
163 1052 346
163 1049 346
163 1046 352
163 1043 349
163 1040 353
163 1037 350
163 1034 350
163 1031 352
163 1028 355
163 1025 353
163 1022 352
163 1019 352
163 1016 348
163 1013 351
163 1010 348
163 1007 347
163 1003 347
163 999 346
163 996 349
163 993 344
163 989 343
163 985 343
163 982 342
163 979 342
163 975 338
163 972 342
163 969 341
163 966 337
163 963 337
163 958 335
163 955 337
163 950 338
163 947 336
163 944 335
163 941 334
163 937 333
163 934 336
163 931 336
163 927 334
163 923 337
163 919 336
163 916 339
163 913 341
163 909 341
163 906 341
163 903 345
163 900 347
163 897 354
163 894 362
163 892 379
163 889 396
163 886 408
163 883 412
163 879 414
163 876 415
163 873 421
163 868 419
163 865 423
163 861 419
163 857 420
163 855 425
163 852 424
163 849 428
163 846 431
163 842 432
163 838 438
163 835 438
163 831 440
163 828 442
163 824 444
163 820 445
163 817 451
163 813 448
163 810 448
163 807 452
163 803 452
163 799 460
163 796 461
163 792 464
163 789 463
163 785 461
163 782 460
163 778 459
163 775 461
163 771 456
163 768 461
163 765 462
163 760 457
163 756 456
163 753 458
163 749 453
163 745 453
163 742 453
163 737 453
163 734 453
163 731 452
163 726 451
163 723 449
163 719 451
163 716 452
163 712 447
163 708 449
163 704 454
163 701 456
163 696 471
163 692 494
163 687 535
163 683 547
163 678 558
163 673 561
163 666 572
163 661 573
163 654 577
163 649 578
163 644 586
163 640 590
163 636 583
163 632 587
163 627 580
163 623 579
163 619 580
163 615 584
163 612 579
163 606 576
163 602 582
163 598 574
163 594 572
163 590 575
163 586 579
163 582 577
163 579 583
163 575 578
163 572 580
163 569 580
163 566 581
163 562 593
163 558 633
163 554 685
163 549 709
163 544 711
163 539 702
163 534 709
163 530 706
163 525 706
163 521 710
163 517 705
163 513 707
163 508 701
163 503 712
163 498 721
163 493 721
163 486 731
163 480 730
163 473 725
163 468 729
163 464 721
163 458 718
163 451 729
163 446 712
163 442 706
163 436 707
163 430 712
163 424 729
163 418 773
163 413 818
163 408 818
163 403 825
163 399 835
163 394 830
163 388 840
163 383 857
163 376 893
163 369 925
163 363 951
163 359 969
163 355 963
163 351 964
163 348 962
163 345 963
163 343 962
163 340 963
163 336 966
163 332 966
163 329 966
163 323 974
163 320 972
163 315 970
163 311 969
163 308 974
163 305 966
163 301 971
163 297 969
163 293 970
163 289 968
163 286 966
163 282 966
163 278 965
163 274 967
163 270 967
163 267 966
163 263 967
163 259 970
163 254 978
163 248 984
163 245 977
163 241 973
163 238 976
163 235 976
163 232 978
163 229 976
163 226 979
163 222 976
163 219 975
163 216 976
163 213 978
163 211 977
163 206 978
163 203 977
163 199 978
163 195 974
163 191 981
163 187 976
163 183 299
163 179 300
163 175 303
163 172 306
163 168 319
163 161 407
163 157 333
163 154 311
163 150 309
163 147 311
163 143 312
163 139 307
163 134 302
163 130 315
163 125 352
163 121 353
163 117 339
163 115 330
163 111 328
163 107 324
163 104 324
163 101 322
163 97 321
178 268 967
178 272 967
178 275 964
178 279 964
178 283 962
178 287 972
178 291 970
178 295 966
178 299 971
178 303 969
178 307 965
178 311 971
178 314 969
178 317 967
178 322 972
178 325 969
178 329 968
178 332 976
178 336 975
178 340 970
178 343 963
178 346 962
178 349 963
178 352 962
178 354 962
178 357 965
178 361 968
178 365 960
178 370 946
178 377 919
178 383 894
178 390 866
178 397 824
178 401 827
178 406 830
178 412 827
178 417 825
178 423 789
178 428 737
178 432 733
178 437 728
178 442 720
178 448 701
178 452 684
178 457 675
178 461 680
178 464 680
178 469 687
178 476 692
178 483 685
178 488 683
178 495 693
178 499 709
178 503 713
178 509 709
178 513 698
178 519 695
178 523 697
178 527 696
178 532 697
178 536 681
178 541 687
178 547 680
178 552 680
178 557 649
178 560 603
178 564 582
178 567 577
178 570 574
178 574 574
178 578 576
178 581 579
178 584 583
178 587 582
178 591 579
178 596 578
178 601 580
178 604 581
178 609 578
178 612 577
178 617 579
178 621 580
178 626 588
178 630 585
178 635 586
178 638 585
178 642 587
178 646 585
178 649 584
178 653 581
178 658 579
178 664 572
178 668 568
178 673 565
178 678 564
178 682 561
178 686 556
178 690 541
178 695 503
178 699 478
178 703 462
178 706 455
178 711 448
178 714 447
178 717 451
178 721 449
178 724 447
178 727 452
178 731 451
178 734 453
178 739 451
178 743 452
178 747 456
178 751 456
178 755 454
178 759 456
178 763 459
178 766 459
178 770 462
178 774 461
178 778 462
178 781 465
178 785 461
178 789 469
178 792 465
178 796 466
178 800 465
178 803 461
178 808 455
178 811 454
178 816 458
178 820 447
178 824 447
178 828 443
178 832 448
178 835 440
178 839 436
178 842 435
178 846 431
178 850 434
178 855 431
178 858 429
178 862 427
178 865 423
178 868 420
178 872 422
178 874 419
178 878 417
178 882 414
178 884 414
178 888 411
178 892 399
178 895 381
178 899 360
178 902 347
178 906 345
178 909 342
178 913 339
178 916 340
178 919 338
178 923 339
178 926 336
178 930 337
178 935 335
178 938 334
178 943 334
178 946 334
178 948 338
178 951 338
178 955 336
178 958 338
178 963 339
178 966 338
178 969 339
178 972 341
178 977 340
178 980 343
178 983 344
178 986 343
178 990 345
178 993 346
178 996 344
178 999 346
178 1002 346
178 1005 349
178 1009 349
178 1012 349
178 1016 349
178 1021 349
178 1023 350
178 1026 352
178 1029 352
178 1032 353
178 1035 353
178 1038 356
178 1042 353
178 1044 349
178 1048 350
178 1051 350
178 1054 346
178 1057 347
178 1060 345
178 1062 343
178 1068 341
178 1071 340
178 1075 343
178 1078 340
178 1082 336
178 1085 337
178 1089 335
178 1092 335
178 1095 334
178 1098 334
178 1101 332
178 1105 333
178 1108 332
178 1112 330
178 1115 330
178 1118 330
178 1122 329
178 1125 328
178 1128 328
178 1131 325
178 1134 323
178 1137 322
178 1140 321
178 1144 320
178 1148 321
178 1151 321
178 1154 319
178 1157 318
178 1160 315
178 1163 318
178 1166 315
178 1169 314
178 1176 313
178 1179 309
178 1183 312
178 1186 309
178 1190 309
178 1193 308
178 1196 306
178 1199 307
178 1202 306
178 1206 305
178 1208 307
178 1211 304
178 1214 302
178 1217 305
178 1220 302
178 1223 300
178 1226 301
178 1230 301
178 1233 300
178 1235 301
178 1238 297
178 1241 299
178 1244 298
178 1247 297
178 1250 296
178 1254 296
178 1257 295
178 1260 294
178 1263 294
178 1267 296
178 1270 290
178 1273 291
178 1277 279
178 1280 268
178 1285 252
178 1288 249
178 1292 244
178 1295 245
178 1301 247
178 1304 245
178 1309 243
178 1312 244
178 1316 244
178 1319 242
178 1321 242
178 1324 244
178 1327 241
178 1330 240
178 1337 240
178 1340 239
178 1343 239
178 1346 238
178 1348 238
178 1351 238
178 1354 238
178 1357 237
178 1360 237
178 1363 238
178 1367 236
178 1370 238
178 1373 239
178 1376 237
178 1379 239
178 1382 240
178 1386 240
178 1389 244
178 1392 245
178 1395 244
178 1397 246
178 1400 248
178 1403 247
178 1407 247
178 1410 246
178 1413 248
178 1415 250
178 1418 252
178 1421 252
178 1424 251
178 1427 251
178 1429 254
178 1432 256
178 1436 256
178 1440 257
178 1444 257
178 1448 259
178 1452 249
178 1456 232
178 1460 207
178 1463 197
178 1467 192
178 1469 189
178 1472 189
178 1476 190
178 1479 189
178 1482 189
178 1486 189
178 1490 189
178 1493 189
178 1496 188
178 1498 187
178 1501 186
178 1503 188
178 1508 188
178 1510 187
178 1514 187
178 1517 188
178 1520 187
178 1523 186
178 1525 187
178 1528 188
178 1531 187
178 1533 187
178 1537 185
178 1540 187
178 1542 187
178 1546 186
178 1548 185
178 1554 186
178 1556 184
178 1560 185
178 1563 183
178 1566 182
178 1569 183
178 1572 181
178 1575 182
178 1577 182
178 1580 181
178 1583 182
178 1585 182
178 1588 182
178 1590 182
178 1593 182
178 1598 181
178 1601 181
178 1606 182
178 1608 181
178 1613 181
178 1615 182
178 1618 181
178 1621 180
178 1624 179
178 1627 179
178 1630 178
178 1633 179
178 1637 179
178 1640 178
178 1642 178
178 1645 176
178 1648 177
178 1650 177
178 1653 177
178 1656 177
178 1660 177
178 1663 175
178 1666 178
178 1669 177
178 1672 175
178 1676 177
178 1679 177
178 1683 185
178 1686 210
178 1689 227
178 1692 234
178 1695 237
178 1698 237
178 1703 237
178 1706 236
178 1709 237
178 1712 234
178 1717 235
178 1720 235
178 1723 235
178 1726 236
178 1728 234
178 1731 234
178 1734 236
178 1738 235
178 1741 234
178 1744 234
178 1747 232
178 1750 233
178 1752 233
178 1756 233
178 1758 233
178 1762 233
178 1764 233
178 1766 233
178 1769 230
178 1772 232
178 1775 232
178 1778 229
178 1781 232
178 1785 232
178 1788 231
178 1791 233
178 1794 231
178 1796 231
178 1800 232
178 1802 229
178 1804 230
178 1808 230
178 1811 231
178 1815 228
178 1818 228
178 1822 231
178 1826 230
178 1828 229
178 1831 228
178 1835 229
178 1838 229
178 1841 228
178 1844 226
178 1847 227
178 1851 226
178 1854 227
178 1858 226
178 1861 226
178 1866 224
178 1868 225
178 1872 223
178 1875 222
178 1878 221
178 1881 222
178 1883 222
178 1888 221
178 1891 220
178 1894 218
178 1897 216
178 1901 215
178 1904 216
178 1907 214
178 1910 213
178 1914 212
178 1916 212
178 1919 212
178 1922 211
178 1924 211
178 1928 210
178 1931 208
178 1934 208
178 1938 208
178 1940 206
178 1946 204
178 1948 204
178 1951 202
178 1953 201
178 1956 199
178 1959 200
178 1962 198
178 1967 198
178 1970 196
178 1973 195
178 1976 195
178 1979 196
178 1982 194
178 1985 194
178 1988 192
178 1991 189
178 1995 191
178 1998 187
178 2002 184
178 2005 183
178 2010 182
178 2013 183
178 2017 182
178 2020 183
178 2022 183
178 2025 183
178 2028 182
178 2031 182
178 2035 182
178 2038 181
178 2042 181
178 2045 180
178 2049 180
178 2051 182
178 2054 182
178 2058 180
178 2061 180
178 2064 180
178 2068 181
178 2071 181
178 2074 181
178 2076 180
178 2080 181
178 2083 179
178 2086 180
178 2089 178
178 2093 180
195 1846 229
195 1844 228
195 1841 228
195 1837 229
195 1834 228
195 1830 231
195 1827 228
195 1822 230
195 1820 228
195 1817 230
195 1814 229
195 1812 229
195 1810 231
195 1807 230
195 1805 231
195 1801 230
195 1797 230
195 1794 230
195 1791 231
195 1788 230
195 1783 232
195 1780 231
195 1776 234
195 1772 232
195 1769 231
195 1765 233
195 1762 234
195 1759 233
195 1756 233
195 1751 234
195 1748 233
195 1742 233
195 1738 234
195 1734 236
195 1731 235
195 1728 235
195 1725 235
195 1723 236
195 1720 235
195 1716 235
195 1713 234
195 1710 236
195 1707 235
195 1704 239
195 1700 236
195 1697 236
195 1693 235
195 1689 236
195 1686 231
195 1684 224
195 1680 200
195 1677 181
195 1674 177
195 1671 175
195 1668 176
195 1664 177
195 1661 177
195 1658 177
195 1655 177
195 1652 178
195 1648 179
195 1645 178
195 1643 178
195 1640 178
195 1638 178
195 1635 179
195 1632 177
195 1629 179
195 1626 179
195 1621 181
195 1618 180
195 1614 180
195 1611 180
195 1607 181
195 1605 181
195 1602 182
195 1599 182
195 1597 181
195 1594 181
195 1591 181
195 1589 182
195 1586 181
195 1583 183
195 1580 181
195 1577 183
195 1575 183
195 1572 183
195 1569 183
195 1565 183
195 1562 184
195 1559 184
195 1556 183
195 1553 184
195 1550 184
195 1547 185
195 1544 183
195 1541 185
195 1537 185
195 1535 185
195 1532 185
195 1529 186
195 1526 185
195 1522 186
195 1519 186
195 1515 185
195 1512 186
195 1509 187
195 1507 186
195 1504 186
195 1500 187
195 1497 187
195 1494 188
195 1491 188
195 1488 186
195 1486 187
195 1483 188
195 1480 187
195 1477 188
195 1474 188
195 1471 189
195 1468 189
195 1464 193
195 1461 200
195 1457 221
195 1454 237
195 1451 253
195 1448 262
195 1444 257
195 1440 257
195 1437 258
195 1435 256
195 1432 255
195 1429 255
195 1426 253
195 1422 252
195 1420 252
195 1417 251
195 1415 249
195 1411 248
195 1409 248
195 1405 247
195 1402 244
195 1399 246
195 1396 243
195 1393 243
195 1390 240
195 1388 242
195 1385 241
195 1381 243
195 1378 237
195 1375 241
195 1372 237
195 1368 236
195 1365 235
195 1362 235
195 1359 235
195 1357 237
195 1354 235
195 1351 235
195 1348 236
195 1345 236
195 1342 235
195 1338 238
195 1335 238
195 1331 238
195 1327 241
195 1324 238
195 1321 240
195 1318 241
195 1315 239
195 1312 243
195 1310 241
195 1307 242
195 1304 244
195 1301 242
195 1297 243
195 1293 242
195 1290 245
195 1286 244
195 1283 249
195 1280 260
195 1276 276
195 1274 284
195 1270 291
195 1266 292
195 1262 296
195 1259 292
195 1256 295
195 1252 296
195 1249 295
195 1246 297
195 1243 297
195 1241 298
195 1238 298
195 1235 298
195 1233 298
195 1230 300
195 1228 303
195 1225 300
195 1221 302
195 1218 299
195 1215 303
195 1212 303
195 1209 304
195 1206 305
195 1203 303
195 1200 307
195 1196 307
195 1192 311
195 1189 310
195 1186 307
195 1182 312
195 1179 313
195 1175 313
195 1172 313
195 1168 313
195 1165 316
195 1162 315
195 1159 315
195 1155 318
195 1151 317
195 1148 322
195 1145 318
195 1141 322
195 1138 322
195 1135 325
195 1132 324
195 1129 322
195 1125 323
195 1122 327
195 1118 325
195 1114 326
195 1110 330
195 1106 332
195 1103 333
195 1100 334
195 1096 334
195 1093 335
195 1089 334
195 1086 337
195 1083 337
195 1081 340
195 1078 339
195 1075 337
195 1071 340
195 1068 343
195 1065 341
195 1062 346
195 1059 342
195 1057 344
195 1053 347
195 1050 348
195 1048 349
195 1044 350
195 1041 350
195 1037 352
195 1034 354
195 1031 355
195 1028 351
195 1026 350
195 1023 352
195 1020 351
195 1017 351
195 1014 349
195 1011 348
195 1008 348
195 1004 348
195 1001 347
195 998 346
195 995 345
195 992 345
195 988 344
195 985 345
195 981 347
195 977 344
195 974 343
195 971 342
195 968 344
195 965 337
195 961 336
195 957 337
195 954 335
195 951 337
195 948 335
195 946 334
195 943 336
195 940 333
195 936 334
195 933 336
195 929 336
195 926 339
195 923 339
195 919 338
195 916 338
195 913 339
195 909 340
195 906 344
195 903 346
195 900 348
195 897 358
195 895 365
195 892 383
195 889 398
195 886 409
195 883 415
195 879 416
195 876 415
195 873 420
195 870 421
195 867 422
195 864 424
195 860 427
195 857 428
195 854 429
195 852 430
195 848 429
195 845 433
195 842 438
195 837 439
195 833 439
195 829 443
195 825 447
195 822 445
195 818 445
195 815 452
195 811 452
195 807 454
195 803 451
195 799 458
195 796 465
195 792 466
195 789 468
195 785 465
195 782 464
195 778 465
195 774 466
195 771 459
195 767 462
195 764 455
195 761 458
195 757 460
195 754 458
195 750 457
195 746 454
195 743 455
195 739 455
195 736 453
195 732 454
195 728 452
195 724 451
195 720 453
195 715 454
195 711 452
195 707 453
195 704 459
195 697 464
195 693 485
195 689 509
195 684 545
