243 1956 218
243 1961 218
243 1964 217
243 1968 213
243 1971 212
243 1976 211
243 1978 209
243 1982 208
243 1986 206
243 1989 205
243 1992 202
243 1994 200
243 1997 197
243 2001 193
243 2004 188
243 2007 187
243 2011 186
243 2014 185
243 2017 184
243 2020 185
243 2023 182
243 2026 184
243 2029 183
243 2032 183
243 2036 182
243 2039 182
243 2043 181
243 2046 180
243 2051 181
243 2054 180
243 2058 180
243 2061 181
243 2064 181
243 2067 180
243 2070 181
243 2073 180
243 2077 179
243 2080 180
243 2083 180
243 2086 180
243 2090 180
243 2092 180
259 1845 230
259 1843 229
259 1839 231
259 1836 230
259 1833 230
259 1828 229
259 1825 229
259 1822 230
259 1819 229
259 1816 231
259 1814 231
259 1812 231
259 1809 230
259 1807 230
259 1804 232
259 1801 232
259 1797 231
259 1794 232
259 1791 231
259 1788 232
259 1784 233
259 1781 232
259 1777 232
259 1774 233
259 1771 232
259 1768 234
259 1764 233
259 1761 235
259 1758 233
259 1755 235
259 1751 233
259 1746 234
259 1742 233
259 1737 235
259 1733 234
259 1730 235
259 1727 235
259 1724 236
259 1721 236
259 1718 236
259 1715 236
259 1711 238
259 1708 238
259 1703 237
259 1700 240
259 1696 236
259 1692 237
259 1689 237
259 1686 238
259 1683 238
259 1680 237
259 1677 235
259 1673 227
259 1671 215
259 1668 196
259 1664 186
259 1661 178
259 1658 177
259 1654 178
259 1651 177
259 1648 177
259 1646 177
259 1642 178
259 1640 178
259 1637 178
259 1634 178
259 1632 180
259 1628 178
259 1625 179
259 1622 179
259 1618 180
259 1615 179
259 1611 179
259 1608 180
259 1606 181
259 1603 181
259 1601 180
259 1598 181
259 1596 181
259 1593 181
259 1590 182
259 1588 182
259 1585 183
259 1582 182
259 1578 182
259 1576 182
259 1572 181
259 1570 184
259 1566 183
259 1564 183
259 1560 185
259 1557 184
259 1553 184
259 1550 184
259 1546 183
259 1543 186
259 1539 184
259 1536 185
259 1534 186
259 1531 185
259 1527 185
259 1524 186
259 1520 186
259 1517 186
259 1513 186
259 1510 186
259 1506 187
259 1503 186
259 1501 186
259 1498 185
259 1496 186
259 1493 188
259 1490 189
259 1488 187
259 1485 188
259 1482 193
259 1479 198
259 1476 206
259 1473 223
259 1470 240
259 1466 253
259 1463 261
259 1460 258
259 1458 260
259 1454 261
259 1451 260
259 1447 260
259 1444 259
259 1441 259
259 1438 258
259 1435 254
259 1431 255
259 1428 255
259 1425 255
259 1422 253
259 1420 251
259 1418 253
259 1415 251
259 1412 252
259 1409 248
259 1406 248
259 1403 247
259 1399 248
259 1396 243
259 1394 246
259 1391 246
259 1388 244
259 1386 243
259 1382 241
259 1379 240
259 1376 240
259 1373 239
259 1369 238
259 1366 239
259 1362 236
259 1359 237
259 1356 236
259 1353 235
259 1350 233
259 1348 236
259 1345 236
259 1342 237
259 1338 237
259 1335 239
259 1332 239
259 1328 240
259 1325 242
259 1322 241
259 1319 240
259 1316 243
259 1312 242
259 1310 242
259 1306 244
259 1303 243
259 1299 243
259 1296 244
259 1293 246
259 1290 246
259 1287 247
259 1284 247
259 1281 248
259 1279 252
259 1275 264
259 1272 276
259 1269 284
259 1266 294
259 1263 291
259 1260 293
259 1256 295
259 1253 295
259 1250 297
259 1247 297
259 1244 297
259 1242 301
259 1239 297
259 1237 301
259 1234 301
259 1231 298
259 1228 302
259 1225 300
259 1222 302
259 1219 303
259 1216 304
259 1213 305
259 1210 304
259 1207 304
259 1200 308
259 1197 304
259 1192 308
259 1188 311
259 1185 311
259 1182 312
259 1177 313
259 1174 316
259 1169 314
259 1166 316
259 1163 317
259 1159 315
259 1156 319
259 1152 320
259 1149 321
259 1145 322
259 1141 323
259 1138 326
259 1134 322
259 1131 327
259 1128 325
259 1125 328
259 1122 329
259 1119 327
259 1116 329
259 1112 330
259 1108 333
259 1104 333
259 1101 332
259 1098 335
259 1094 334
259 1091 335
259 1087 337
259 1084 336
259 1081 338
259 1078 336
259 1075 341
259 1072 343
259 1069 339
259 1066 343
259 1063 344
259 1060 345
259 1057 345
259 1055 342
259 1052 347
259 1049 351
259 1045 351
259 1042 350
259 1039 352
259 1036 350
259 1032 352
259 1029 357
259 1026 357
259 1024 354
259 1019 352
259 1016 352
259 1013 351
259 1010 352
259 1006 349
259 1003 349
259 999 351
259 996 350
259 993 346
259 989 347
259 986 348
259 983 346
259 980 342
259 975 345
259 972 344
259 967 342
259 964 340
259 960 341
259 956 340
259 953 340
259 950 339
259 947 340
259 944 338
259 940 338
259 937 335
259 934 335
259 930 334
259 927 335
259 924 337
259 921 340
259 918 340
259 912 341
259 909 340
259 905 345
259 902 345
259 897 351
259 895 357
259 892 364
259 890 376
259 887 394
259 883 412
259 880 413
259 875 415
259 872 422
259 868 420
259 865 421
259 861 426
259 858 426
259 855 428
259 852 435
259 848 429
259 845 436
259 839 438
259 836 441
259 831 442
259 828 447
259 824 444
259 821 451
259 816 452
259 813 451
259 809 458
259 806 458
259 802 461
259 799 459
259 795 462
259 792 462
259 787 461
259 784 463
259 781 460
259 777 458
259 774 461
259 769 459
259 766 462
259 763 458
259 759 453
259 755 455
259 752 458
259 748 451
259 745 455
259 741 454
259 738 451
259 735 449
259 731 451
259 723 448
259 719 449
259 712 450
259 708 453
259 700 457
259 695 466
259 691 465
259 687 473
259 683 475
259 680 475
259 676 482
259 672 483
259 667 488
259 663 489
259 656 501
259 651 503
259 647 506
259 643 521
259 637 514
259 633 524
259 628 529
259 624 529
259 620 535
259 616 543
259 611 543
259 607 552
259 600 567
259 596 570
259 592 573
259 588 579
259 584 579
259 579 584
259 574 604
259 569 633
259 565 695
259 562 708
259 558 715
259 555 713
259 551 714
259 547 708
259 542 711
259 538 709
259 535 710
259 531 712
259 528 710
259 525 709
259 522 705
259 517 694
259 513 676
259 508 654
259 502 648
259 497 647
259 491 643
259 487 653
259 482 645
259 476 644
259 469 649
259 464 662
259 458 669
259 453 672
259 448 680
259 444 688
259 438 704
259 433 707
259 428 705
259 423 733
259 418 757
259 413 760
259 409 745
259 405 737
259 402 734
259 398 733
259 396 719
259 392 724
259 389 719
259 386 713
259 382 720
259 377 727
259 373 755
259 367 774
259 360 945
259 357 968
259 354 972
259 351 971
259 346 972
259 343 973
259 339 972
259 335 976
259 329 983
259 325 984
259 321 985
259 317 980
259 313 975
259 309 980
259 306 979
259 302 980
259 298 981
259 294 976
259 291 979
259 286 978
259 282 979
259 278 978
259 274 975
259 270 981
259 267 978
259 264 976
259 260 978
259 256 982
259 253 990
259 249 990
259 246 990
259 242 986
259 238 981
259 236 984
259 232 989
259 230 988
259 226 988
259 222 988
259 219 986
259 214 988
259 211 988
259 207 987
259 203 989
259 195 993
259 188 329
259 183 329
259 180 323
259 177 320
259 174 320
259 168 318
259 165 318
259 160 315
259 157 314
259 154 313
259 151 313
259 146 310
259 143 309
259 140 306
259 137 304
259 133 301
259 131 299
259 128 298
259 125 297
259 121 297
259 118 297
259 116 297
259 112 296
259 109 296
259 106 295
259 103 293
259 100 294
275 268 982
275 272 981
275 275 978
275 279 981
275 282 982
275 287 981
275 290 988
275 297 981
275 301 981
275 305 982
275 308 981
275 312 982
275 315 987
275 318 984
275 322 984
275 325 983
275 329 985
275 332 982
275 336 977
275 339 975
275 341 974
275 344 974
275 348 973
275 350 974
275 353 975
275 355 973
275 359 976
275 364 962
275 371 942
275 378 735
275 383 716
275 387 720
275 392 735
275 397 767
275 402 807
275 408 815
275 414 823
275 420 790
275 425 732
275 430 710
275 435 702
275 440 701
275 446 684
275 451 669
275 456 674
275 461 673
275 465 667
275 472 663
275 479 637
275 485 636
275 490 626
275 494 632
275 498 634
275 502 631
275 508 628
275 513 628
275 519 645
275 523 681
275 527 701
275 530 705
275 532 702
275 536 702
275 539 707
275 543 712
275 547 719
275 550 717
275 553 715
275 557 717
275 560 717
275 565 708
275 570 662
275 575 610
275 581 591
275 585 585
275 589 582
275 593 582
275 599 580
275 603 585
275 607 577
275 611 587
