42 1514 233
42 1517 221
42 1519 217
42 1522 214
42 1525 214
42 1527 212
42 1530 213
42 1533 215
42 1535 215
42 1538 218
42 1541 226
42 1543 235
42 1546 244
42 1549 251
42 1552 255
42 1556 256
42 1559 256
42 1562 256
42 1565 253
42 1567 253
42 1570 256
42 1572 254
42 1574 256
42 1577 255
42 1581 255
42 1584 255
42 1587 253
42 1590 252
42 1593 252
42 1597 255
42 1599 250
42 1604 253
42 1606 255
42 1610 251
42 1612 252
42 1614 252
42 1617 251
42 1620 252
42 1622 254
42 1625 250
42 1628 251
42 1632 252
42 1634 251
42 1637 250
42 1641 248
42 1643 250
42 1645 248
42 1648 249
42 1651 250
42 1654 249
42 1659 248
42 1662 249
42 1667 248
42 1669 247
42 1673 248
42 1675 247
42 1680 246
42 1682 246
42 1686 247
42 1689 244
42 1694 246
42 1696 245
42 1699 247
42 1704 247
42 1707 247
42 1710 245
42 1713 247
42 1716 244
42 1718 244
42 1721 247
42 1723 241
42 1730 243
42 1733 245
42 1737 245
42 1740 244
42 1742 245
42 1745 244
42 1748 242
42 1751 241
42 1754 242
42 1757 243
42 1760 242
42 1762 244
42 1765 242
42 1768 242
42 1771 242
42 1774 241
42 1777 243
42 1780 245
42 1782 241
42 1785 241
42 1788 242
42 1790 241
42 1792 241
42 1795 242
42 1796 243
42 1800 238
42 1803 240
42 1806 241
42 1809 241
42 1815 243
42 1818 242
42 1821 241
42 1824 240
42 1827 240
42 1829 239
42 1832 241
42 1835 238
42 1838 236
42 1841 240
42 1844 241
42 1848 238
42 1851 238
42 1854 241
42 1857 239
42 1859 239
42 1863 238
42 1866 237
42 1868 236
42 1871 237
42 1874 238
42 1876 234
42 1880 239
42 1882 236
42 1885 237
42 1888 235
42 1891 239
42 1894 237
42 1898 235
42 1900 236
42 1905 237
42 1907 235
42 1909 236
42 1912 235
42 1915 235
42 1918 237
42 1922 236
42 1924 238
42 1927 236
42 1930 235
42 1932 234
42 1936 236
42 1938 236
42 1941 237
42 1944 236
42 1947 235
42 1950 235
42 1953 235
42 1956 236
42 1959 235
42 1961 235
42 1964 235
42 1967 237
42 1969 237
42 1971 235
42 1974 234
42 1976 236
42 1979 235
42 1981 236
42 1983 237
42 1988 236
42 1991 234
42 1995 234
42 1998 229
42 2000 223
42 2003 216
42 2007 208
42 2010 205
42 2014 203
42 2016 202
42 2020 201
42 2022 201
42 2026 201
42 2029 202
42 2032 201
42 2035 201
42 2039 199
42 2042 199
42 2045 201
42 2048 199
42 2050 201
42 2053 199
42 2055 200
42 2060 202
42 2062 200
42 2065 202
42 2068 201
42 2070 200
42 2072 202
42 2076 201
42 2078 201
42 2080 202
42 2084 203
42 2087 203
42 2089 202
42 2092 201
56 1866 239
56 1863 239
56 1861 236
56 1859 235
56 1855 237
56 1853 238
56 1850 238
56 1847 239
56 1845 237
56 1842 239
56 1840 236
56 1838 239
56 1834 241
56 1831 240
56 1829 240
56 1826 240
56 1823 239
56 1819 238
56 1816 236
56 1814 239
56 1811 238
56 1809 242
56 1807 240
56 1804 239
56 1802 239
56 1799 238
56 1796 239
56 1793 239
56 1789 239
56 1786 244
56 1783 240
56 1780 243
56 1777 243
56 1775 241
56 1773 243
56 1769 242
