97 221 1618
97 215 1
97 209 1
97 202 1
97 196 1512
97 190 1
97 184 1
97 178 1
97 171 1
97 165 1
97 158 2046
97 152 2042
97 147 1
97 142 516
97 139 520
97 136 521
97 132 522
97 129 522
97 127 521
97 124 523
97 121 519
97 118 521
97 114 520
97 112 519
97 108 523
97 105 520
97 102 519
97 100 520
97 97 517
111 236 1
111 243 1181
111 249 1168
111 256 1139
111 263 1142
111 269 1157
111 275 1178
111 281 1207
111 287 1235
111 293 1175
111 300 1
111 305 1
111 312 941
111 318 926
111 325 907
111 331 897
111 337 868
111 342 843
111 348 782
111 354 767
111 358 764
111 362 763
111 366 775
111 371 770
111 376 771
111 380 1
111 385 648
111 391 649
111 397 760
111 403 775
111 409 751
111 414 735
111 420 755
111 426 769
111 432 742
111 439 752
111 444 784
111 451 777
111 457 743
111 464 673
111 469 649
111 474 645
111 479 650
111 484 646
111 489 649
111 494 649
111 500 654
111 504 655
111 509 649
111 513 650
111 518 656
111 523 662
111 527 657
111 532 653
111 537 645
111 544 641
111 548 625
111 554 600
111 557 565
111 562 550
111 566 526
111 570 527
111 574 522
111 578 519
111 582 515
111 586 504
111 590 508
111 594 507
111 598 511
111 601 504
111 605 498
111 609 501
111 613 495
111 617 501
111 621 502
111 626 502
111 630 495
111 635 483
111 638 466
111 642 451
111 645 453
111 648 465
111 652 491
111 657 509
111 661 506
111 665 505
111 669 506
111 672 509
111 676 515
111 679 512
111 684 504
111 688 507
111 692 506
111 696 497
111 700 498
111 704 491
111 708 480
111 712 443
111 716 400
111 719 364
111 723 358
111 725 351
111 728 352
111 731 356
111 735 349
111 738 347
111 740 346
111 744 344
111 747 339
111 751 339
111 754 338
111 758 338
111 761 332
111 765 336
111 768 331
111 772 329
111 775 328
111 778 327
111 781 326
111 784 325
111 787 321
111 789 325
111 792 324
111 797 322
111 800 320
111 803 325
111 806 325
111 810 323
111 813 322
111 818 320
111 820 324
111 825 322
111 827 323
111 831 321
111 834 316
111 837 314
111 841 311
111 845 313
111 848 313
111 853 313
111 856 316
111 860 313
111 863 311
111 865 306
111 868 301
111 872 293
111 875 291
111 879 290
111 882 288
111 884 288
111 887 288
111 890 287
111 893 284
111 896 283
111 898 284
111 902 283
111 904 282
111 907 281
111 910 280
111 913 280
111 916 277
111 918 277
111 922 282
111 926 281
111 929 280
111 932 280
111 935 282
111 937 281
111 941 284
111 943 287
111 946 280
111 950 279
111 953 282
111 956 285
111 959 286
111 963 287
111 966 285
111 970 288
111 972 286
111 976 290
111 980 290
111 982 296
111 985 305
111 989 329
111 992 348
111 996 353
111 999 353
111 1003 352
111 1007 349
111 1009 349
111 1012 348
111 1015 350
111 1018 349
111 1022 345
111 1024 346
111 1028 344
111 1031 343
111 1034 343
111 1037 345
111 1040 341
111 1043 342
111 1046 339
111 1048 340
111 1052 340
111 1055 337
111 1058 336
111 1061 333
111 1064 335
111 1067 336
111 1070 332
111 1073 333
111 1076 331
111 1079 329
111 1082 333
111 1084 325
111 1087 328
111 1090 327
111 1093 323
111 1096 324
111 1099 323
111 1104 321
111 1106 325
111 1110 323
111 1113 325
111 1117 322
111 1120 318
111 1123 321
111 1127 314
111 1130 313
111 1133 308
111 1137 302
111 1140 298
111 1145 285
111 1148 280
111 1151 277
111 1155 273
111 1157 273
111 1160 272
111 1163 268
111 1166 268
111 1169 267
111 1172 268
111 1174 270
111 1178 263
111 1180 266
111 1184 264
111 1187 263
111 1189 264
111 1192 265
111 1195 265
111 1198 263
111 1201 261
111 1205 259
111 1208 262
111 1211 260
111 1214 261
111 1217 259
111 1220 260
111 1223 259
111 1227 256
111 1230 255
111 1233 255
111 1236 256
111 1238 255
111 1241 257
111 1244 254
111 1246 254
111 1249 253
111 1252 253
111 1255 252
111 1258 253
111 1261 252
111 1264 250
111 1267 253
111 1269 250
111 1272 252
111 1274 248
111 1277 248
111 1280 250
111 1283 249
111 1286 249
111 1290 247
111 1292 247
111 1296 250
111 1299 248
111 1302 247
111 1304 246
111 1307 244
111 1310 245
111 1313 245
111 1316 245
111 1319 246
111 1322 246
111 1324 245
111 1327 242
111 1330 244
111 1333 243
111 1336 246
111 1339 245
111 1342 246
111 1345 244
111 1347 244
111 1351 245
111 1354 249
111 1357 251
111 1360 249
111 1362 250
111 1367 255
111 1370 254
111 1373 254
111 1376 254
111 1378 258
111 1381 260
111 1384 258
111 1386 257
111 1389 261
111 1394 263
111 1397 261
111 1401 264
111 1404 268
111 1408 268
111 1410 268
111 1413 268
111 1416 273
111 1418 268
111 1421 270
111 1423 273
111 1426 270
111 1429 270
111 1432 267
111 1434 271
111 1437 267
111 1439 268
111 1443 268
111 1445 269
111 1448 267
111 1450 266
111 1453 266
111 1455 268
111 1458 267
111 1460 266
111 1464 267
111 1467 263
111 1469 264
111 1472 266
111 1475 264
111 1477 265
111 1483 262
111 1485 261
111 1489 263
111 1492 263
111 1494 262
111 1496 262
111 1499 263
111 1502 262
111 1506 261
111 1509 260
111 1511 260
111 1514 259
111 1517 261
111 1520 261
111 1523 261
111 1526 260
111 1528 257
111 1531 256
111 1534 259
111 1536 256
111 1539 252
111 1542 237
111 1546 224
111 1549 215
111 1552 212
111 1555 211
111 1558 212
111 1561 209
111 1564 213
111 1566 212
111 1569 219
111 1572 231
111 1575 245
111 1579 251
111 1582 253
111 1585 253
111 1588 253
111 1590 254
111 1593 255
111 1596 255
111 1599 252
111 1602 254
111 1605 252
111 1608 253
111 1610 253
111 1612 252
111 1615 250
111 1617 252
111 1620 251
111 1623 251
111 1626 253
111 1629 253
111 1632 250
111 1634 250
111 1638 249
111 1641 251
111 1644 249
111 1648 249
111 1651 249
111 1656 250
111 1658 250
111 1661 248
111 1665 247
111 1668 249
111 1671 248
111 1674 250
111 1676 250
111 1679 247
111 1681 247
111 1684 247
111 1686 247
111 1691 247
111 1694 249
111 1697 246
111 1700 247
111 1702 246
111 1706 247
111 1709 246
111 1712 245
111 1714 247
111 1718 244
111 1720 245
111 1722 244
111 1725 247
111 1728 242
111 1731 245
111 1733 245
111 1737 246
111 1740 246
111 1744 242
111 1747 244
111 1750 243
111 1753 242
111 1755 244
111 1758 242
111 1761 242
111 1764 242
111 1767 243
111 1769 242
111 1772 242
111 1774 243
111 1777 242
111 1780 241
111 1782 243
111 1786 241
111 1788 240
111 1791 242
111 1793 242
111 1795 241
111 1799 243
111 1801 242
111 1805 241
111 1808 239
111 1811 239
111 1814 241
111 1816 238
111 1820 239
111 1823 238
111 1826 240
111 1828 240
111 1831 240
111 1834 239
111 1837 238
111 1840 237
111 1843 236
111 1846 241
111 1849 240
111 1852 239
111 1856 238
111 1859 236
111 1862 238
111 1865 239
111 1867 238
111 1870 238
111 1873 237
111 1876 236
111 1881 240
111 1883 237
111 1885 237
111 1889 237
111 1892 237
111 1895 238
111 1898 236
111 1901 238
111 1904 238
111 1906 236
111 1909 236
111 1911 236
111 1915 240
111 1918 237
111 1922 237
111 1925 237
111 1929 237
111 1932 237
111 1936 237
111 1939 236
111 1941 237
111 1944 236
111 1946 236
111 1948 235
111 1952 234
111 1955 238
111 1958 238
111 1961 235
111 1963 236
111 1966 236
111 1968 237
111 1970 235
111 1973 236
111 1976 239
111 1979 235
111 1982 238
111 1985 234
111 1989 235
111 1992 235
111 1996 236
111 2000 234
111 2004 227
111 2007 220
111 2009 216
111 2012 209
111 2015 206
111 2018 203
111 2021 203
111 2023 202
111 2026 203
111 2029 203
111 2031 202
111 2036 202
111 2038 200
111 2042 199
111 2045 200
111 2048 200
111 2051 200
111 2054 200
111 2056 201
111 2059 203
111 2061 202
111 2063 201
111 2066 203
111 2069 204
111 2072 201
111 2074 202
111 2077 201
111 2079 200
111 2082 202
111 2085 203
111 2087 201
111 2090 201
111 2092 204
125 1866 240
125 1863 239
125 1861 238
125 1859 238
125 1857 237
125 1854 240
125 1851 237
125 1848 240
125 1846 238
125 1843 240
125 1840 237
125 1838 240
125 1835 238
125 1832 241
125 1829 240
125 1826 239
125 1823 242
125 1820 244
125 1817 239
125 1815 241
125 1812 241
125 1810 241
125 1807 240
125 1804 241
125 1802 241
125 1798 241
125 1795 242
125 1792 242
125 1790 243
125 1787 244
125 1784 243
125 1780 245
125 1777 242
125 1774 243
125 1772 242
125 1768 242
125 1766 243
125 1763 242
125 1760 241
125 1757 242
125 1754 243
125 1751 246
125 1748 242
125 1745 243
125 1741 241
125 1738 243
125 1735 244
125 1731 243
125 1729 243
125 1726 245
125 1723 245
125 1720 245
125 1718 244
125 1714 246
125 1710 246
125 1706 245
125 1703 245
125 1699 247
125 1697 245
125 1694 248
125 1692 247
125 1690 246
125 1688 246
125 1685 244
125 1682 248
125 1679 246
125 1676 248
125 1673 246
125 1670 248
125 1667 249
125 1663 246
125 1660 249
125 1657 248
125 1654 248
125 1651 247
125 1649 248
125 1646 248
125 1642 248
125 1638 250
125 1634 251
125 1631 251
125 1627 250
125 1624 251
125 1622 250
125 1619 250
125 1615 249
125 1612 253
125 1609 252
125 1606 254
125 1603 251
125 1600 253
125 1597 253
125 1594 250
125 1591 253
125 1588 253
125 1585 252
125 1582 255
125 1579 250
125 1575 243
125 1573 235
125 1570 224
125 1568 219
125 1564 211
125 1561 208
125 1558 205
125 1555 209
125 1551 211
125 1548 215
125 1544 226
125 1541 238
125 1538 251
125 1535 255
125 1532 256
125 1530 255
125 1527 259
125 1525 258
125 1521 259
125 1519 260
125 1516 258
125 1513 259
125 1511 258
125 1508 260
125 1505 259
125 1503 260
125 1500 259
125 1498 261
125 1495 260
125 1492 259
125 1489 261
125 1487 262
125 1484 263
125 1481 263
125 1478 263
125 1475 263
125 1472 264
125 1470 262
125 1467 268
125 1465 264
125 1462 265
125 1460 264
125 1457 266
125 1454 264
125 1451 264
125 1448 264
125 1445 266
125 1442 267
125 1439 267
125 1436 268
125 1433 266
125 1431 268
125 1428 268
125 1425 267
125 1423 273
125 1418 269
125 1415 270
125 1412 270
125 1409 268
125 1406 271
125 1402 270
125 1399 270
125 1395 270
125 1392 271
125 1389 267
125 1387 265
125 1384 267
125 1382 267
125 1379 262
125 1375 263
125 1373 264
125 1369 259
125 1366 259
125 1363 259
125 1360 257
125 1357 257
125 1353 253
125 1349 256
125 1346 249
125 1343 251
125 1340 247
125 1336 247
125 1333 248
125 1331 246
125 1328 246
125 1325 247
125 1323 244
125 1321 246
125 1318 244
125 1315 245
125 1313 246
125 1311 244
125 1308 246
125 1305 248
125 1303 245
125 1300 248
125 1298 248
125 1294 248
125 1292 247
125 1288 250
125 1284 250
125 1281 251
125 1278 249
125 1276 253
125 1273 251
125 1268 251
125 1265 252
125 1262 253
125 1259 254
125 1255 254
125 1252 257
125 1249 255
125 1247 254
125 1244 256
125 1241 254
125 1237 259
125 1234 254
125 1231 258
125 1228 255
125 1225 256
125 1222 259
125 1219 258
125 1215 258
125 1212 261
125 1208 259
125 1205 263
125 1202 260
125 1199 261
125 1196 263
125 1193 262
125 1189 263
125 1187 262
125 1183 266
125 1181 266
125 1178 267
125 1175 266
125 1173 265
125 1169 265
125 1166 270
125 1164 269
125 1161 270
125 1157 272
125 1155 272
125 1153 270
125 1150 275
125 1148 270
125 1145 274
125 1141 274
125 1137 278
125 1133 286
125 1130 288
125 1127 292
125 1124 299
125 1120 303
125 1117 309
125 1113 316
125 1109 322
125 1106 323
125 1102 326
125 1098 324
125 1096 328
125 1093 325
125 1091 328
125 1089 325
125 1086 324
125 1084 329
125 1082 332
125 1080 333
125 1078 328
125 1075 333
125 1073 335
125 1070 330
125 1066 339
125 1063 336
125 1060 336
125 1058 335
125 1054 337
125 1051 335
125 1048 338
125 1045 339
125 1041 344
125 1037 339
125 1034 344
125 1030 344
125 1026 344
125 1023 344
125 1019 344
125 1016 348
125 1012 348
125 1009 351
125 1006 350
125 1004 350
125 1001 353
125 999 352
125 996 354
125 993 348
125 990 330
125 987 314
125 984 299
125 981 289
125 978 286
125 976 290
125 973 287
125 970 288
125 967 287
125 964 284
125 960 287
125 957 285
125 954 280
125 950 285
125 947 283
125 943 282
125 939 281
125 936 279
125 933 282
125 931 279
125 928 280
125 926 282
125 923 279
125 920 279
125 917 280
125 914 280
125 911 279
125 908 281
125 905 284
125 902 281
125 900 282
125 897 287
125 894 284
125 891 287
125 888 290
125 885 290
125 883 288
125 878 294
125 876 290
125 872 292
125 869 295
125 865 296
125 863 299
125 860 304
125 857 307
125 855 312
125 852 312
125 848 309
125 844 311
125 840 314
125 837 314
125 833 317
125 831 319
125 827 318
125 824 322
125 820 319
125 817 322
125 814 327
125 812 322
125 808 329
125 805 328
125 802 327
125 799 323
125 796 322
125 793 322
125 791 324
125 787 323
125 785 325
125 781 330
125 778 330
125 775 326
125 772 329
125 767 329
125 764 333
125 761 336
125 758 333
125 755 335
125 752 338
125 750 340
125 747 341
125 743 340
125 740 343
125 737 347
125 732 347
125 729 355
125 725 354
125 722 356
125 719 363
125 714 402
125 710 452
125 705 489
125 700 490
125 696 496
125 692 493
125 688 500
125 683 509
125 679 507
125 675 512
125 671 516
125 667 513
125 663 521
125 660 518
125 657 518
125 652 499
125 647 467
125 644 451
125 641 452
125 637 472
125 634 495
125 630 507
125 627 509
125 624 511
125 620 511
125 617 513
125 614 516
125 611 517
125 608 506
125 604 510
125 601 508
125 598 507
125 594 514
125 589 511
125 586 516
125 581 514
125 578 522
125 574 522
125 570 526
125 566 531
125 562 534
125 558 537
125 552 541
125 548 552
125 542 586
125 536 623
125 531 649
125 526 652
125 521 652
125 517 652
125 513 651
125 508 649
125 504 654
125 500 651
125 495 651
125 490 659
125 485 650
125 481 652
125 476 646
125 471 651
125 466 653
125 460 656
125 454 698
125 448 784
125 443 793
125 437 787
125 432 778
125 427 786
125 422 796
125 416 771
125 411 737
125 404 764
125 398 793
125 392 773
125 385 742
125 379 736
125 373 753
125 367 759
125 362 772
125 358 760
125 351 752
125 345 778
125 339 830
125 334 862
125 328 901
125 321 898
125 315 918
125 309 1
125 303 1
125 298 1141
125 291 1152
125 286 1189
125 281 1185
125 275 1207
125 269 1159
125 264 1145
125 258 1155
125 252 1149
125 247 1144
125 241 1146
125 235 1186
125 229 1
125 223 1
125 216 1
125 209 1659
125 203 1602
125 196 1574
125 190 1585
125 185 1
125 179 1
125 173 1
125 167 1
125 159 2087
125 153 2127
125 148 2168
125 144 506
125 140 516
125 137 510
125 134 516
125 132 513
125 128 513
125 126 516
125 122 516
125 119 516
125 116 516
125 113 514
125 111 513
125 108 512
125 103 515
125 100 513
125 96 512
138 236 1
138 245 1
138 251 1166
138 258 1147
138 263 1151
138 269 1139
138 276 1150
138 283 1184
138 288 1185
138 293 1195
138 299 1180
138 304 1186
138 310 1122
138 317 960
138 323 929
138 330 894
138 335 887
138 341 855
138 346 810
138 352 779
138 358 757
138 363 757
138 366 763
138 370 765
138 375 740
138 379 724
138 384 727
138 390 710
138 396 756
138 403 778
138 409 770
138 414 744
138 420 745
138 427 788
138 433 769
138 439 767
138 445 792
138 452 794
138 458 751
138 464 688
138 470 645
138 475 648
138 481 642
138 485 644
138 490 645
138 496 653
138 501 645
138 505 647
138 510 653
138 514 658
138 519 654
138 523 647
138 529 650
138 535 625
138 540 571
138 545 549
138 550 544
138 554 539
138 558 541
138 562 533
138 566 525
138 571 527
138 575 528
138 579 527
138 583 522
138 586 516
138 590 516
138 594 516
138 597 515
138 600 514
138 605 512
138 609 513
138 612 521
138 615 518
138 619 516
138 623 519
138 626 515
138 630 517
138 634 520
138 637 511
138 640 491
138 644 467
138 647 452
138 651 462
138 654 479
138 658 513
138 661 524
138 664 524
138 668 520
138 671 518
138 675 512
138 678 514
138 683 509
138 688 503
138 692 502
138 696 500
138 701 497
138 705 495
138 709 489
138 713 477
138 718 431
138 721 378
138 724 366
138 727 352
138 730 355
138 734 353
138 737 347
138 740 346
138 743 344
138 746 341
138 749 339
138 751 339
138 755 338
138 757 340
138 761 337
138 767 337
138 770 333
138 773 330
138 776 326
138 779 326
138 782 328
138 785 328
138 787 326
138 790 324
138 793 326
138 797 323
138 800 323
138 803 330
138 809 326
138 812 322
138 816 322
138 819 325
138 822 321
138 826 321
138 828 318
138 832 320
138 835 315
138 839 317
138 842 317
138 846 318
138 849 316
138 853 314
138 856 308
138 860 301
138 862 297
138 865 294
138 868 296
138 871 293
138 874 294
138 878 292
138 881 292
138 883 290
138 886 288
138 889 290
138 892 285
138 895 283
138 897 285
138 901 286
138 904 283
138 907 282
138 910 281
138 913 281
138 916 281
138 919 279
138 922 280
138 925 280
138 928 276
138 931 277
138 934 278
138 936 275
138 940 278
138 943 278
138 946 279
138 950 282
138 953 282
138 958 283
138 960 281
138 965 287
138 968 286
138 971 284
138 974 289
138 977 288
138 980 288
138 983 291
138 986 289
138 989 293
138 992 310
138 997 333
138 1000 338
138 1003 338
138 1006 342
138 1009 342
138 1013 340
138 1016 338
138 1019 340
138 1022 338
138 1025 340
138 1028 338
138 1031 336
138 1034 333
138 1037 336
138 1040 336
138 1043 338
138 1046 331
138 1048 337
138 1052 332
138 1055 330
138 1057 332
138 1060 332
138 1063 335
138 1067 332
138 1070 330
138 1072 331
138 1076 330
138 1078 329
138 1081 329
138 1083 325
138 1086 325
138 1089 326
138 1092 327
138 1095 324
138 1099 319
138 1102 318
138 1106 310
138 1108 308
138 1112 301
138 1115 294
138 1118 288
138 1120 285
138 1124 278
138 1128 277
138 1132 277
138 1135 272
138 1138 274
138 1141 272
138 1144 271
138 1147 271
138 1150 271
138 1154 271
138 1156 271
138 1159 270
138 1162 268
138 1165 268
138 1168 267
138 1170 268
138 1174 266
138 1177 265
138 1179 266
138 1183 266
138 1186 265
138 1189 262
138 1192 263
138 1195 263
138 1197 261
138 1200 263
138 1203 262
138 1208 260
138 1211 261
138 1214 259
138 1217 259
138 1220 260
138 1223 258
138 1225 256
138 1228 259
138 1231 258
138 1234 256
138 1236 257
138 1238 257
138 1242 255
138 1244 254
138 1249 257
138 1252 254
138 1254 253
138 1257 252
138 1259 256
138 1261 254
138 1264 253
138 1268 254
138 1270 253
138 1272 251
138 1275 252
138 1278 250
138 1280 250
138 1283 248
138 1287 250
138 1290 249
138 1293 248
138 1296 249
138 1300 249
138 1302 247
138 1305 250
138 1308 251
138 1312 248
138 1315 252
138 1318 251
138 1321 249
138 1324 251
138 1327 253
138 1329 252
138 1332 256
138 1336 259
138 1340 254
138 1344 259
138 1346 262
138 1349 260
138 1352 261
138 1355 260
138 1358 262
138 1361 266
138 1365 263
138 1369 265
138 1372 269
138 1375 267
138 1379 269
138 1381 274
138 1385 270
138 1387 271
138 1391 271
138 1394 267
138 1398 271
138 1401 275
138 1404 269
138 1407 268
138 1410 270
138 1413 270
138 1416 270
138 1418 270
138 1421 273
138 1424 268
138 1427 268
138 1430 267
138 1433 267
138 1435 268
138 1439 271
138 1441 268
138 1445 270
138 1447 267
138 1450 267
138 1452 268
138 1455 265
138 1457 267
138 1460 266
138 1463 263
138 1466 266
138 1469 263
138 1472 264
138 1475 264
138 1478 262
138 1481 262
138 1484 262
138 1488 261
138 1491 263
138 1494 261
138 1496 261
138 1500 263
138 1503 260
138 1507 259
138 1510 262
138 1514 259
138 1517 260
138 1519 260
138 1522 258
138 1525 259
138 1528 260
138 1531 258
138 1534 260
138 1536 258
138 1539 260
138 1542 253
138 1544 248
138 1548 233
138 1551 221
138 1554 212
138 1557 209
138 1560 212
138 1562 211
138 1566 210
138 1568 210
138 1572 214
138 1574 223
138 1578 237
138 1581 248
138 1584 251
138 1587 257
138 1590 257
138 1592 253
138 1595 254
138 1597 250
138 1600 252
138 1604 253
138 1606 252
138 1609 253
138 1612 253
138 1614 254
138 1617 252
138 1619 251
138 1622 251
138 1625 250
138 1628 253
138 1630 252
138 1633 250
138 1636 252
138 1639 250
138 1642 250
138 1645 249
138 1649 249
138 1651 252
138 1654 251
138 1657 249
138 1660 249
138 1663 248
138 1666 249
138 1669 248
138 1672 251
138 1675 249
138 1677 249
138 1681 248
138 1683 249
138 1686 249
138 1689 247
138 1691 245
138 1695 246
138 1697 246
138 1700 247
138 1703 248
138 1705 246
138 1710 248
138 1713 247
138 1716 246
138 1719 245
138 1721 246
138 1724 248
138 1727 247
138 1730 247
138 1732 247
138 1736 245
138 1739 247
138 1743 244
138 1747 247
138 1750 248
138 1752 245
138 1755 243
138 1758 246
138 1760 245
138 1763 245
138 1766 244
138 1769 245
138 1772 243
138 1774 244
138 1777 245
138 1779 242
138 1782 243
138 1785 243
138 1788 243
138 1791 241
138 1793 243
138 1795 241
138 1797 244
138 1800 243
138 1802 242
138 1808 242
138 1811 242
138 1814 240
138 1817 241
138 1820 241
138 1823 242
138 1826 243
138 1828 241
138 1831 240
138 1834 240
138 1837 239
138 1840 242
138 1843 240
138 1846 243
138 1849 241
138 1852 240
138 1855 240
138 1859 239
138 1862 241
138 1866 238
138 1868 238
138 1871 239
138 1874 239
138 1876 237
138 1881 239
138 1883 241
138 1886 238
138 1889 237
138 1891 238
138 1895 238
138 1898 238
138 1900 236
138 1903 239
138 1906 240
138 1908 237
138 1911 236
138 1914 237
138 1917 237
138 1921 237
138 1924 236
138 1930 238
138 1934 238
138 1938 237
138 1940 237
138 1944 236
138 1946 236
138 1948 236
138 1951 237
138 1954 236
138 1957 236
138 1960 237
138 1963 234
138 1965 236
138 1969 236
138 1971 236
138 1975 237
138 1977 236
138 1981 236
138 1983 235
138 1986 236
138 1989 235
138 1992 235
138 1996 236
138 1999 233
138 2002 233
138 2006 224
138 2009 218
138 2012 212
138 2014 207
138 2016 204
138 2020 203
138 2022 203
138 2024 202
138 2028 202
138 2031 202
138 2033 203
138 2038 201
138 2040 202
138 2042 203
138 2046 201
138 2048 200
138 2051 201
138 2054 201
138 2056 201
138 2060 201
138 2062 202
138 2065 202
138 2068 201
138 2070 204
138 2073 203
138 2077 203
138 2079 201
138 2082 200
138 2085 204
138 2087 202
138 2090 202
138 2092 202
153 1866 239
153 1862 237
153 1860 237
153 1857 237
153 1854 238
153 1852 237
153 1848 237
153 1845 238
153 1841 240
153 1838 236
153 1835 240
153 1832 239
153 1829 239
153 1826 240
153 1824 238
153 1821 240
153 1818 239
153 1814 239
153 1812 239
153 1810 240
153 1808 238
153 1805 240
153 1802 240
153 1799 238
153 1796 240
153 1793 240
153 1790 239
153 1788 239
153 1785 242
153 1782 242
153 1780 242
153 1777 241
153 1775 243
153 1772 241
153 1769 241
153 1767 241
153 1764 242
153 1761 240
153 1758 241
153 1755 244
153 1751 243
153 1748 242
153 1744 243
153 1741 246
153 1736 245
153 1733 244
153 1729 243
153 1727 246
153 1724 242
153 1721 243
153 1718 244
153 1715 243
153 1712 244
153 1709 244
153 1706 244
153 1703 245
153 1700 244
153 1697 244
153 1694 245
153 1692 247
153 1690 245
153 1688 246
153 1685 246
153 1682 247
153 1679 247
153 1676 246
153 1674 247
153 1671 247
153 1668 249
153 1665 248
153 1661 247
153 1657 250
153 1654 248
153 1651 250
153 1649 250
153 1646 250
153 1644 250
153 1640 248
153 1637 249
153 1634 249
153 1630 250
153 1628 250
153 1625 251
153 1622 252
153 1619 252
153 1616 250
153 1614 250
153 1611 254
153 1608 251
153 1605 251
153 1602 251
153 1600 252
153 1597 252
153 1594 254
153 1591 254
153 1588 253
153 1584 252
153 1582 249
153 1579 241
153 1576 221
153 1573 217
153 1570 210
153 1568 208
153 1564 210
153 1560 208
153 1555 212
153 1552 216
153 1548 233
153 1545 242
153 1542 252
153 1539 255
153 1536 256
153 1533 257
153 1530 257
153 1528 257
153 1524 259
153 1521 260
153 1518 260
153 1516 259
153 1513 258
153 1510 261
153 1507 261
153 1504 260
153 1502 260
153 1499 261
153 1497 262
153 1494 262
153 1492 262
153 1489 262
153 1487 263
153 1485 262
153 1481 260
153 1479 262
153 1476 263
153 1473 262
153 1471 264
153 1468 265
153 1465 261
153 1462 262
153 1456 265
153 1454 266
153 1451 266
153 1448 267
153 1445 266
153 1442 266
153 1439 266
153 1436 268
153 1434 266
153 1431 266
153 1428 267
153 1425 271
153 1423 271
153 1419 268
153 1416 268
153 1413 270
153 1410 268
153 1407 271
153 1404 274
153 1401 272
153 1398 273
153 1393 273
153 1391 274
153 1388 274
153 1385 273
153 1383 273
153 1380 274
153 1378 272
153 1375 276
153 1371 272
153 1368 272
153 1364 276
153 1362 272
153 1359 272
153 1355 269
153 1352 272
153 1348 269
153 1344 267
153 1340 265
153 1337 265
153 1333 261
153 1331 261
153 1328 259
153 1325 260
153 1323 258
153 1320 259
153 1317 255
153 1314 254
153 1311 252
153 1308 254
153 1305 253
153 1303 253
153 1300 251
153 1296 250
153 1293 247
153 1290 250
153 1287 252
153 1284 250
153 1281 248
153 1279 250
153 1275 251
153 1272 253
153 1268 254
153 1266 251
153 1263 254
153 1259 254
153 1256 253
153 1252 252
153 1250 252
153 1246 255
153 1243 256
153 1240 255
153 1237 257
153 1235 257
153 1232 258
153 1229 258
153 1226 261
153 1223 258
153 1220 260
153 1217 261
153 1214 260
153 1211 259
153 1208 261
153 1203 258
153 1200 262
153 1195 261
153 1192 262
153 1190 265
153 1187 262
153 1184 264
153 1181 266
153 1179 263
153 1175 268
153 1172 266
153 1170 267
153 1167 266
153 1164 268
153 1161 267
153 1159 271
153 1156 265
153 1154 270
153 1151 272
153 1148 271
153 1146 270
153 1143 271
153 1140 274
153 1137 274
153 1133 276
153 1130 275
153 1126 274
153 1123 273
153 1120 278
153 1117 277
153 1114 279
153 1111 279
153 1108 280
153 1104 281
153 1099 289
153 1096 294
153 1093 296
153 1091 303
153 1089 305
153 1086 307
153 1084 312
153 1082 314
153 1079 318
153 1077 322
153 1073 322
153 1070 325
153 1067 324
153 1064 326
153 1060 328
153 1057 327
153 1054 328
153 1051 326
153 1048 326
153 1044 327
153 1041 327
153 1038 328
153 1034 326
153 1030 328
153 1027 327
153 1023 329
153 1019 332
153 1015 328
153 1012 328
153 1009 332
153 1006 330
153 1004 333
153 1000 329
153 998 324
153 995 311
153 992 297
153 989 290
153 987 286
153 984 288
153 981 282
153 978 284
153 974 283
153 971 286
153 968 284
153 966 284
153 962 283
153 959 281
153 956 279
153 952 281
153 948 278
153 945 278
153 941 278
153 938 276
153 935 274
153 932 275
153 930 276
153 926 278
153 924 278
153 921 279
153 918 281
153 916 278
153 913 282
153 910 278
153 907 282
153 904 281
153 901 283
153 898 283
153 896 284
153 893 286
153 890 288
153 888 287
153 885 290
153 881 289
153 879 291
153 875 292
153 872 291
153 869 290
153 867 295
153 863 293
153 860 297
153 857 297
153 854 297
153 852 301
153 849 302
153 846 301
153 843 309
153 840 312
153 837 314
153 833 319
153 831 322
153 827 327
153 825 323
153 821 326
153 818 321
153 815 321
153 812 326
153 809 324
153 806 327
153 803 329
153 799 329
153 796 324
153 793 329
153 790 324
153 787 327
153 784 328
153 781 329
153 779 325
153 775 330
153 773 328
153 770 328
153 767 334
153 764 334
153 761 333
153 758 335
153 755 340
153 752 341
153 750 343
153 746 345
153 742 347
153 739 346
153 735 352
153 732 351
153 729 356
153 725 361
153 722 369
153 718 408
153 714 468
153 710 489
153 705 491
153 701 488
153 697 499
153 693 498
153 689 504
153 684 508
153 680 513
153 676 516
153 672 519
153 669 520
153 665 522
153 662 520
153 657 509
153 654 488
153 650 458
153 646 451
153 641 475
153 638 499
153 635 516
153 631 519
153 628 523
153 624 518
153 621 516
153 618 517
153 615 514
153 612 513
153 608 513
153 604 509
153 601 511
153 599 512
153 595 516
153 591 514
153 587 523
153 583 513
153 579 518
153 574 528
153 570 529
153 566 530
153 562 536
153 558 534
153 552 540
153 548 546
153 543 550
153 538 554
153 533 561
153 528 571
153 523 604
153 519 629
153 514 640
153 509 649
153 505 644
153 500 649
153 496 652
153 491 642
153 485 648
153 481 643
153 476 640
153 471 639
153 465 655
153 459 704
153 453 748
153 448 756
153 443 766
153 438 757
153 433 743
153 428 755
153 422 746
153 417 726
153 413 717
153 407 735
153 400 739
153 395 722
153 389 712
153 384 713
153 377 726
153 372 741
153 367 753
153 363 755
153 359 750
153 352 751
153 345 771
153 340 840
153 335 866
153 328 876
153 322 1
153 316 990
153 311 1094
153 305 1211
153 300 1205
153 293 1222
153 288 1211
153 283 1205
153 277 1197
153 271 1160
153 266 1136
153 261 1142
153 254 1124
153 249 1155
153 243 1174
153 237 1163
153 230 1
153 225 1
153 218 1
153 212 1
153 204 1799
153 198 1
153 192 1
153 187 1
153 180 1662
153 175 1656
153 169 1619
153 162 1650
153 155 1
153 149 492
153 144 512
153 142 510
153 138 507
153 135 508
153 132 508
153 129 507
153 125 509
153 122 507
153 119 505
153 116 506
153 113 506
153 110 508
153 108 508
153 105 506
