15 753 343
15 756 342
15 759 333
15 763 338
15 766 335
15 769 332
15 772 336
15 776 328
15 779 327
15 783 323
15 785 329
15 790 321
15 793 322
15 797 318
15 800 318
15 803 317
15 807 318
15 810 316
15 813 316
15 817 315
15 820 316
15 823 315
15 826 313
15 828 311
15 833 308
15 836 309
15 839 304
15 842 305
15 845 299
15 848 302
15 851 300
15 854 298
15 858 296
15 860 296
15 863 295
15 866 296
15 869 295
15 872 292
15 875 295
15 878 292
15 882 291
15 884 295
15 888 292
15 890 296
15 893 297
15 896 293
15 900 295
15 903 298
15 905 297
15 908 296
15 911 299
15 914 299
15 917 296
15 920 298
15 923 298
15 926 300
15 930 301
15 932 304
15 935 303
15 938 310
15 942 332
15 946 355
15 949 365
15 952 366
15 955 367
15 959 370
15 962 365
15 965 362
15 968 365
15 971 364
15 974 362
15 977 362
15 981 359
15 983 360
15 987 364
15 990 357
15 993 356
15 997 358
15 1000 356
15 1003 348
15 1007 351
15 1009 348
15 1012 348
15 1015 353
15 1018 348
15 1021 345
15 1024 346
15 1028 345
15 1031 344
15 1035 342
15 1037 344
15 1040 343
15 1043 340
15 1046 340
15 1049 338
15 1053 336
15 1056 337
15 1059 335
15 1062 339
15 1065 334
15 1068 336
15 1070 333
15 1073 331
15 1076 329
15 1079 328
15 1081 328
15 1084 330
15 1086 328
15 1089 327
15 1092 325
15 1095 324
15 1098 325
15 1102 323
15 1106 322
15 1109 319
15 1112 320
15 1115 321
15 1119 319
15 1121 322
15 1125 309
15 1129 297
15 1133 283
15 1136 278
15 1140 275
15 1142 274
15 1145 271
15 1148 270
15 1151 272
15 1154 271
15 1157 270
15 1159 270
15 1162 270
15 1165 267
15 1169 266
15 1172 267
15 1175 268
15 1178 266
15 1181 268
15 1185 265
15 1187 267
15 1190 266
15 1194 262
15 1197 264
15 1199 264
15 1204 261
15 1207 261
15 1210 262
15 1212 263
15 1215 260
15 1219 263
15 1222 263
15 1225 262
15 1228 263
15 1231 263
15 1234 263
15 1238 265
15 1241 267
15 1245 267
15 1248 266
15 1251 270
15 1254 270
15 1257 270
15 1260 274
15 1262 272
15 1265 272
15 1268 275
15 1270 272
15 1274 275
15 1278 278
15 1281 279
15 1284 279
15 1287 275
15 1291 271
15 1295 265
15 1297 261
15 1300 259
15 1303 252
15 1306 251
15 1309 251
15 1312 249
15 1315 246
15 1319 246
15 1321 247
15 1324 245
15 1328 245
15 1330 247
15 1333 243
15 1336 244
15 1339 242
15 1342 246
15 1345 244
15 1347 243
15 1351 242
15 1353 244
15 1356 242
15 1359 241
15 1362 242
15 1365 241
15 1368 238
15 1371 242
15 1375 239
15 1377 239
15 1380 238
15 1383 240
15 1385 237
15 1387 237
15 1390 236
15 1393 236
15 1397 237
15 1400 236
15 1403 236
15 1406 236
15 1409 234
15 1411 235
15 1414 235
15 1416 234
15 1421 234
15 1424 237
15 1427 231
15 1430 234
15 1432 233
15 1435 233
15 1438 231
15 1440 232
15 1443 233
15 1446 231
15 1448 230
15 1451 231
15 1453 231
15 1455 231
15 1458 228
15 1460 229
15 1465 231
15 1468 230
15 1471 232
15 1475 234
15 1477 230
15 1480 234
15 1483 234
15 1486 234
15 1490 235
15 1493 237
15 1495 237
15 1498 237
15 1501 238
15 1504 232
15 1507 225
15 1510 219
15 1513 216
15 1517 214
15 1519 214
15 1522 215
15 1525 215
15 1528 217
15 1531 221
15 1534 227
15 1537 238
15 1540 249
15 1544 257
15 1547 254
15 1551 255
15 1554 256
15 1557 257
15 1560 255
15 1564 256
15 1567 257
15 1570 256
15 1572 256
15 1574 253
15 1579 252
15 1581 255
15 1584 253
15 1587 252
15 1591 253
15 1594 251
15 1596 253
15 1599 251
15 1602 252
15 1604 251
15 1606 255
15 1609 255
15 1611 252
15 1614 254
15 1617 251
15 1621 250
15 1623 250
15 1626 252
15 1629 253
15 1633 250
15 1635 250
15 1640 249
15 1643 251
15 1649 249
15 1651 251
15 1657 247
15 1659 252
15 1663 250
15 1666 250
15 1669 249
15 1672 250
15 1675 251
15 1678 249
15 1680 250
15 1682 250
15 1686 248
15 1689 248
15 1692 249
15 1695 247
15 1698 249
15 1700 247
15 1704 246
15 1707 246
15 1710 246
15 1713 247
15 1716 245
15 1718 245
15 1720 246
15 1723 248
15 1726 244
15 1728 245
15 1731 244
15 1734 245
15 1737 244
15 1740 244
15 1743 242
15 1747 243
15 1750 243
15 1753 244
15 1756 243
15 1758 244
15 1761 245
15 1763 241
15 1767 243
15 1769 242
15 1772 243
15 1775 244
15 1778 242
15 1782 243
15 1784 241
15 1787 243
15 1789 244
15 1791 239
15 1793 241
15 1796 243
15 1799 241
15 1803 241
15 1806 240
15 1809 239
15 1812 242
15 1814 242
15 1817 240
15 1820 238
15 1823 242
15 1826 241
15 1829 242
15 1832 240
15 1835 239
15 1838 241
15 1842 238
15 1845 241
15 1848 239
15 1852 237
15 1855 238
15 1857 238
15 1861 237
15 1864 240
15 1868 236
15 1871 238
15 1873 236
15 1877 238
15 1880 238
15 1882 239
15 1885 239
15 1888 236
15 1890 238
15 1893 239
15 1896 240
15 1899 240
15 1901 237
15 1904 238
15 1906 236
14 1910 237
14 1913 238
14 1916 237
14 1919 237
14 1921 238
14 1925 236
14 1928 236
14 1931 238
14 1933 236
14 1936 238
14 1939 240
14 1942 238
14 1944 238
14 1947 238
14 1949 235
14 1952 237
14 1955 237
14 1959 238
14 1961 235
14 1964 235
14 1967 235
14 1969 237
14 1971 236
14 1974 236
14 1977 234
14 1980 233
14 1983 236
14 1987 238
14 1990 234
14 1993 233
14 1997 221
14 2000 219
14 2003 210
14 2006 205
14 2009 203
14 2013 204
14 2015 203
14 2018 203
14 2021 202
14 2023 202
14 2027 201
14 2030 200
14 2033 202
14 2037 201
14 2039 200
14 2043 200
14 2045 200
14 2047 202
14 2050 202
14 2053 200
14 2055 203
14 2058 202
14 2062 201
14 2064 201
14 2067 202
14 2070 201
14 2073 203
14 2076 202
14 2078 199
14 2082 203
14 2084 200
14 2087 201
14 2089 201
14 2092 201
28 1867 237
28 1863 237
28 1861 239
28 1858 238
28 1856 236
28 1853 241
28 1850 240
28 1847 239
28 1845 240
28 1842 240
28 1839 240
28 1836 238
28 1833 238
28 1830 238
28 1827 239
28 1825 239
28 1822 238
28 1819 239
28 1816 241
28 1812 239
28 1809 240
28 1807 241
28 1804 238
28 1802 240
28 1799 240
28 1797 243
28 1794 237
28 1791 239
28 1787 241
28 1785 240
28 1781 241
28 1778 241
28 1776 242
28 1774 242
28 1771 243
