300 657 400
300 653 402
300 649 402
300 645 404
300 641 394
15 232 1021
15 235 1018
15 238 1020
15 242 1023
15 245 1021
15 248 1023
15 251 1021
15 254 1021
15 257 1025
15 260 1021
15 262 1018
15 267 1025
15 270 1024
15 274 1024
15 277 1015
15 283 974
15 290 949
15 295 984
15 301 1004
15 307 937
15 313 870
15 319 858
15 326 829
15 331 822
15 337 819
15 342 801
15 348 779
15 355 789
15 361 775
15 367 754
15 373 741
15 377 734
15 382 721
15 387 706
15 392 717
15 398 715
15 403 722
15 409 727
15 414 762
15 420 817
15 425 824
15 430 832
15 434 835
15 440 823
15 446 802
15 450 690
15 453 665
15 456 654
15 460 657
15 463 656
15 467 657
15 472 658
15 478 649
15 482 647
15 487 649
15 492 658
15 497 653
15 501 654
15 508 644
15 513 595
15 517 591
15 521 612
15 526 636
15 531 648
15 536 647
15 541 643
15 546 638
15 552 640
15 556 609
15 562 526
15 566 460
15 570 455
15 575 448
15 579 443
15 584 442
15 588 432
15 592 430
15 596 425
15 599 422
15 603 428
15 607 424
15 610 413
15 614 419
15 619 416
15 623 410
15 627 402
15 630 402
15 634 400
15 637 405
15 640 402
15 644 403
15 647 405
15 651 407
15 655 406
15 659 407
15 662 406
15 666 408
15 670 411
15 673 402
15 676 409
15 680 412
15 683 422
15 687 439
15 691 457
15 694 479
15 698 478
15 702 485
15 706 484
15 710 481
15 713 490
15 717 487
15 721 478
15 724 478
15 728 474
15 731 474
15 736 471
15 739 472
15 744 470
15 747 462
15 751 463
15 755 464
15 758 458
15 763 460
15 767 450
15 771 452
15 775 454
15 779 448
15 782 444
15 785 445
15 788 438
15 792 441
15 796 436
15 800 428
15 803 434
15 807 430
15 810 427
15 814 427
15 818 427
15 822 419
15 825 422
15 828 421
15 832 419
15 836 418
15 840 415
15 843 412
15 847 410
15 851 406
15 854 393
15 858 369
15 860 359
15 863 352
15 866 350
15 870 349
15 873 350
15 876 345
15 880 343
15 883 339
15 885 342
15 888 338
15 891 337
15 893 338
15 896 338
15 898 338
15 901 337
15 904 337
15 907 337
15 910 331
15 912 330
15 915 332
15 918 332
15 921 333
15 925 330
15 928 328
15 931 333
15 933 331
15 936 327
15 940 329
15 943 333
15 946 331
15 950 334
15 953 334
15 956 333
15 959 337
15 962 335
15 965 337
15 968 335
15 971 336
15 974 338
15 977 336
15 980 337
15 983 335
15 986 334
15 989 329
15 993 320
15 997 314
15 1000 309
15 1003 304
15 1007 307
15 1009 304
15 1012 304
15 1015 303
15 1019 302
15 1022 302
15 1026 300
15 1029 298
15 1032 301
15 1035 295
15 1038 302
15 1041 300
15 1044 294
15 1046 294
15 1049 293
15 1053 295
15 1055 291
15 1059 292
15 1062 293
15 1065 292
15 1067 290
15 1071 290
15 1074 290
15 1077 291
15 1080 291
15 1082 289
15 1085 290
15 1088 291
15 1091 293
15 1094 293
15 1097 292
15 1100 293
15 1103 297
15 1106 294
15 1108 295
15 1112 297
15 1115 295
15 1118 298
15 1121 299
15 1124 300
15 1128 299
15 1130 302
15 1133 300
15 1137 301
15 1139 305
15 1143 302
15 1146 303
15 1149 304
15 1154 304
15 1156 307
15 1159 309
15 1162 306
15 1166 308
15 1169 313
15 1172 311
15 1176 310
15 1179 311
15 1182 307
15 1185 309
15 1188 307
15 1192 310
15 1195 306
15 1198 305
15 1201 301
15 1204 303
15 1207 301
15 1210 301
15 1213 301
15 1216 297
15 1219 301
15 1222 303
15 1225 301
15 1228 298
15 1233 299
15 1236 300
15 1239 295
15 1242 296
15 1244 294
15 1248 295
15 1251 292
15 1253 295
15 1256 294
15 1258 293
15 1261 294
15 1263 292
15 1267 293
15 1270 289
15 1272 293
15 1275 290
15 1278 290
15 1281 289
15 1284 291
15 1287 289
15 1291 289
15 1294 289
15 1298 287
15 1301 286
15 1304 285
15 1307 285
15 1310 284
15 1313 286
15 1316 287
15 1320 282
15 1323 282
15 1327 281
15 1329 282
15 1333 283
15 1336 281
15 1339 284
15 1342 280
15 1345 280
15 1348 277
15 1351 281
15 1354 277
15 1357 276
15 1360 280
15 1363 278
15 1366 274
15 1370 275
15 1373 271
15 1376 265
15 1378 256
15 1382 248
15 1384 242
15 1387 233
15 1390 230
15 1393 226
15 1396 224
15 1399 225
15 1401 224
15 1404 224
15 1407 226
15 1409 229
15 1412 235
15 1415 244
15 1417 251
15 1420 257
15 1422 262
15 1425 267
15 1427 267
15 1430 269
15 1433 267
15 1436 267
15 1439 269
15 1442 268
15 1446 267
15 1448 268
15 1451 267
15 1453 267
15 1456 265
15 1459 265
15 1463 265
15 1466 264
15 1470 259
15 1473 254
15 1477 245
15 1480 237
15 1483 234
15 1486 230
15 1489 227
15 1492 228
15 1495 227
15 1497 227
15 1500 225
15 1503 227
15 1506 224
15 1509 225
15 1512 223
15 1515 222
15 1518 225
15 1520 223
15 1523 223
15 1525 222
15 1528 221
15 1531 222
15 1533 222
15 1535 222
15 1538 223
15 1541 221
15 1543 222
15 1546 221
15 1549 222
15 1553 221
15 1556 222
15 1559 219
15 1561 220
15 1564 219
15 1566 220
15 1569 219
15 1571 217
15 1574 220
15 1577 216
15 1580 220
15 1582 220
15 1585 219
15 1588 219
15 1590 219
15 1594 218
15 1597 217
15 1600 218
15 1603 216
15 1606 216
15 1608 217
15 1611 216
15 1614 215
15 1618 217
15 1621 217
15 1624 215
15 1627 218
15 1629 223
15 1632 222
15 1635 223
15 1638 224
15 1640 226
15 1643 229
15 1646 231
15 1649 233
15 1652 233
15 1655 235
15 1658 237
15 1661 237
15 1664 240
15 1668 244
15 1671 242
15 1674 243
15 1677 245
15 1679 245
15 1682 246
15 1685 244
15 1689 243
15 1692 247
15 1695 244
15 1697 246
15 1700 245
15 1703 245
15 1705 245
15 1707 245
15 1710 243
15 1713 245
15 1716 246
15 1720 245
15 1723 241
15 1726 245
15 1729 245
15 1731 246
15 1736 244
15 1739 246
15 1743 243
15 1746 245
15 1750 245
15 1752 243
15 1755 242
15 1758 241
15 1760 242
15 1764 242
15 1767 242
15 1769 243
15 1772 243
15 1774 241
15 1778 242
15 1780 241
15 1784 243
15 1787 241
15 1789 240
15 1791 239
15 1793 240
15 1796 241
15 1798 242
15 1801 240
15 1804 240
15 1807 239
15 1810 238
15 1814 239
15 1816 241
15 1821 240
15 1823 239
15 1827 239
15 1830 239
15 1833 238
15 1837 240
15 1840 237
15 1843 240
15 1846 238
15 1849 237
15 1853 237
15 1855 240
15 1859 237
15 1863 241
15 1865 241
15 1868 237
15 1872 238
15 1874 239
15 1879 238
15 1881 237
15 1884 238
15 1887 238
15 1890 238
15 1892 238
15 1895 237
15 1897 237
15 1900 237
15 1903 238
15 1906 238
15 1908 237
15 1911 237
15 1915 238
15 1918 237
15 1920 236
15 1924 236
15 1927 239
15 1930 235
15 1933 237
15 1936 235
15 1939 236
15 1942 236
15 1944 237
15 1947 237
15 1949 236
15 1954 237
15 1957 235
15 1960 236
15 1963 234
15 1966 232
15 1968 229
15 1972 221
15 1974 221
15 1978 212
15 1981 210
15 1983 209
15 1986 204
15 1989 202
15 1992 203
15 1996 204
15 1998 201
15 2003 202
15 2005 202
15 2008 200
15 2011 202
15 2013 202
15 2016 199
15 2019 199
15 2021 198
15 2024 199
15 2028 198
15 2030 200
15 2033 200
15 2036 200
15 2039 200
15 2041 200
15 2044 202
15 2047 201
15 2050 201
15 2053 204
15 2055 203
15 2058 203
15 2060 203
15 2062 204
15 2065 203
15 2069 202
15 2072 202
15 2075 204
15 2078 202
15 2080 202
15 2083 203
15 2085 202
15 2087 202
15 2091 203
30 1867 239
30 1864 239
30 1861 238
30 1859 240
30 1856 240
30 1854 239
30 1851 239
30 1847 241
30 1845 241
30 1842 238
30 1838 240
30 1835 241
30 1832 240
30 1829 240
30 1826 240
30 1823 241
30 1820 241
30 1817 240
30 1814 239
30 1811 240
30 1809 240
30 1807 243
30 1804 241
30 1801 242
30 1798 243
30 1795 241
30 1791 240
30 1789 241
30 1786 241
30 1783 241
30 1780 240
30 1777 242
30 1775 242
30 1772 243
30 1770 243
30 1768 242
30 1765 242
30 1762 240
30 1759 243
30 1756 243
30 1753 242
30 1749 244
30 1746 242
30 1743 243
30 1740 243
30 1737 245
30 1734 248
30 1730 244
30 1728 245
30 1725 243
30 1723 246
30 1720 245
30 1716 244
30 1713 244
30 1709 244
30 1706 246
30 1699 244
30 1697 247
30 1694 245
30 1692 248
30 1690 246
30 1688 246
30 1686 248
30 1683 247
30 1680 247
30 1676 245
30 1674 248
30 1671 245
30 1668 245
30 1664 243
30 1660 245
30 1656 242
30 1653 239
30 1650 237
30 1647 238
30 1645 235
30 1641 229
30 1637 227
30 1634 225
30 1631 223
30 1628 223
30 1625 222
30 1622 220
30 1619 218
30 1616 217
30 1612 218
30 1610 217
30 1607 219
30 1604 217
30 1602 217
30 1599 218
30 1596 217
30 1594 218
30 1590 219
30 1587 219
30 1584 218
30 1581 223
30 1578 218
30 1576 221
30 1573 220
30 1571 220
30 1569 220
30 1566 222
30 1563 220
30 1561 220
30 1557 218
30 1554 219
30 1551 220
30 1548 220
30 1545 222
30 1542 221
30 1539 222
30 1536 224
30 1534 224
30 1531 223
30 1529 223
30 1525 223
30 1523 223
30 1520 222
30 1518 224
30 1515 222
30 1512 225
30 1510 225
30 1507 225
30 1504 225
30 1500 224
30 1498 225
30 1495 225
30 1492 226
30 1490 228
30 1488 227
30 1486 226
30 1483 226
30 1481 229
30 1478 230
30 1475 236
30 1471 245
30 1468 252
30 1465 257
30 1462 262
30 1459 264
30 1457 268
30 1454 265
30 1451 266
30 1449 266
30 1446 267
30 1443 267
30 1440 267
30 1437 265
30 1435 265
30 1432 267
30 1429 259
30 1426 258
30 1423 252
30 1420 247
30 1417 236
30 1414 230
30 1410 223
30 1407 222
30 1402 222
30 1399 226
30 1395 226
30 1393 233
30 1390 236
30 1387 247
30 1384 255
30 1381 264
30 1377 273
30 1374 272
30 1370 277
30 1367 277
30 1363 275
30 1360 277
30 1356 276
30 1353 276
30 1349 278
30 1346 280
30 1342 284
30 1339 278
30 1336 280
30 1333 280
30 1330 282
30 1328 283
30 1325 282
30 1322 284
30 1320 282
30 1317 284
30 1315 285
30 1312 285
30 1310 285
30 1307 285
30 1304 286
30 1302 287
30 1298 289
30 1295 287
30 1293 288
30 1290 291
30 1287 289
30 1284 287
30 1281 294
30 1277 291
30 1275 290
30 1271 290
30 1268 290
30 1265 290
30 1262 292
30 1259 294
30 1255 294
30 1252 296
30 1249 292
30 1247 296
30 1244 293
30 1241 295
30 1239 299
30 1236 297
30 1233 297
30 1230 297
30 1227 296
30 1223 302
30 1220 301
30 1213 300
30 1210 299
30 1207 300
30 1203 301
30 1200 303
30 1197 305
30 1194 303
30 1191 305
30 1188 307
30 1185 303
30 1182 304
30 1179 306
30 1175 308
30 1172 306
30 1169 309
30 1167 305
30 1163 307
30 1161 303
30 1158 301
30 1155 305
30 1150 304
30 1147 301
30 1143 302
30 1140 298
30 1136 298
30 1134 300
30 1130 299
30 1127 292
30 1123 295
30 1120 293
30 1115 290
30 1112 290
30 1107 293
30 1104 289
30 1100 290
30 1096 288
30 1094 287
30 1091 286
30 1088 285
30 1086 285
30 1083 282
30 1081 286
30 1078 285
30 1076 285
30 1074 290
30 1071 288
30 1067 287
30 1065 287
30 1061 291
30 1058 291
30 1056 291
30 1052 292
30 1049 290
30 1046 293
30 1043 291
30 1040 294
30 1037 296
30 1033 297
30 1030 297
30 1026 297
30 1022 298
30 1018 301
30 1015 301
30 1012 304
30 1010 304
30 1007 307
30 1005 310
30 1002 314
30 999 319
30 996 325
30 994 332
30 991 337
30 988 342
30 985 343
30 983 342
30 980 344
30 977 342
30 974 339
30 971 343
30 968 339
30 965 340
30 962 340
30 959 337
30 954 338
30 951 336
30 948 335
30 944 336
30 941 335
30 938 334
30 935 333
30 932 335
30 929 332
30 926 331
30 923 333
30 921 331
30 918 333
30 914 331
30 911 333
30 908 334
30 905 336
30 902 336
30 899 338
30 897 335
30 895 337
30 892 339
30 889 340
30 886 338
30 883 341
30 880 342
30 876 343
30 873 344
30 870 348
30 867 348
30 864 349
30 861 353
30 858 349
30 855 356
30 852 365
30 849 385
30 845 404
30 842 408
30 839 414
30 835 409
30 831 417
30 828 416
30 825 420
30 822 420
30 818 421
30 814 425
30 811 426
30 807 425
30 804 432
30 801 426
30 797 429
30 794 434
30 791 434
30 788 436
30 785 443
30 781 443
30 777 446
30 774 442
30 770 448
30 767 450
30 763 455
30 759 462
30 755 463
30 752 454
30 748 467
30 745 462
30 740 468
30 737 467
30 733 469
30 729 470
30 725 479
30 722 478
30 718 480
30 714 481
30 710 480
30 707 482
30 703 476
30 699 479
30 696 473
30 692 471
30 688 470
30 684 465
30 680 448
30 675 428
30 672 420
30 669 411
30 666 411
30 662 409
30 658 409
30 655 408
30 651 407
30 647 403
30 643 405
30 639 409
30 635 403
30 632 405
30 627 406
30 624 404
30 621 403
30 618 408
30 614 406
30 610 409
30 606 414
30 602 416
30 599 428
30 596 426
30 592 430
30 588 430
30 583 434
30 579 438
30 573 439
30 569 441
30 563 502
30 557 608
30 550 638
30 545 641
30 539 650
30 533 654
30 527 646
30 523 603
30 518 586
30 514 590
30 509 628
30 503 651
30 499 666
30 494 660
30 488 656
30 483 651
30 477 661
30 472 653
30 468 659
30 463 654
30 457 668
30 453 674
30 447 713
30 442 795
30 437 818
30 433 819
30 429 827
30 425 832
30 421 823
30 415 812
30 410 768
30 403 709
30 397 703
30 392 713
30 387 713
30 381 704
30 376 720
30 370 711
30 364 732
30 359 766
30 351 777
30 345 796
30 340 796
30 334 817
30 328 822
30 322 823
30 317 852
30 311 874
30 304 963
30 298 1003
30 293 1013
30 287 1001
30 282 965
30 278 974
30 274 1012
30 271 1010
30 268 1012
30 265 1009
30 263 1007
30 260 1005
30 256 1008
30 253 1009
30 249 1010
30 247 1009
30 243 1008
30 241 1006
30 238 1010
30 235 1009
30 233 1007
30 230 1009
30 226 1006
30 223 1011
30 220 1010
30 217 1007
30 214 1005
30 211 1009
30 208 1005
30 204 1005
30 201 1005
30 198 1002
30 195 1004
30 191 1001
30 188 999
30 186 1002
30 183 999
30 181 1000
30 177 1001
30 175 1001
30 171 1000
30 168 1000
30 165 1002
30 162 1000
30 157 1008
30 153 460
30 150 468
30 148 474
30 145 475
30 143 474
30 140 474
30 138 476
30 135 476
30 133 476
30 130 476
30 127 476
30 124 476
30 121 476
30 119 477
30 116 475
30 114 475
30 111 475
30 108 474
30 106 475
30 102 474
30 99 472
43 233 998
43 235 1001
43 239 999
43 243 998
43 246 997
43 249 1001
43 252 1002
43 255 1001
43 258 1000
43 262 1002
43 264 1000
43 267 997
43 270 1003
43 273 1000
43 277 998
43 283 977
43 288 990
43 294 1010
43 300 996
43 305 990
43 311 941
43 317 877
43 325 843
43 331 838
43 336 824
43 341 816
43 347 803
43 353 794
43 359 793
43 364 765
43 370 745
43 374 726
43 379 711
43 384 712
43 390 705
43 395 704
43 401 703
43 407 705
43 412 712
43 419 756
43 424 823
43 430 842
43 434 844
43 439 831
43 445 818
43 450 765
43 457 685
43 462 669
43 467 657
43 472 654
43 477 656
43 481 653
43 487 651
43 492 653
43 498 657
43 504 647
43 509 650
43 515 646
43 521 602
43 525 584
43 528 578
43 534 612
43 540 647
43 545 646
43 550 642
43 555 642
43 560 617
43 565 619
43 572 538
43 577 452
43 581 444
43 585 434
43 588 435
43 592 434
43 597 426
43 600 429
43 605 418
43 609 417
43 613 412
43 618 411
43 622 410
43 625 411
43 629 409
43 632 411
43 636 410
43 638 409
43 643 418
43 647 414
43 651 412
43 655 419
43 658 414
43 662 412
43 665 415
43 668 416
43 672 421
43 675 432
43 680 455
43 684 463
43 690 463
43 694 464
43 699 469
43 703 466
43 708 466
43 711 471
43 714 476
43 718 473
43 722 477
43 725 477
43 728 477
43 732 475
43 737 471
43 741 472
43 745 470
43 748 467
43 751 463
43 755 466
43 759 458
43 763 459
43 768 450
43 771 452
43 775 454
43 779 451
43 782 444
43 786 442
43 788 440
43 792 435
43 799 433
43 805 430
43 808 432
43 814 430
43 817 425
43 822 419
43 825 416
43 828 422
43 832 418
43 836 418
43 839 414
43 843 412
43 846 403
43 851 381
43 854 367
43 858 357
43 861 351
43 865 349
43 868 349
43 871 347
43 875 341
43 877 343
43 882 344
43 884 341
43 889 340
43 891 340
43 894 338
43 896 337
43 899 340
43 901 338
43 904 335
43 907 335
43 910 336
43 913 334
43 917 333
43 919 336
43 923 336
43 926 334
43 929 333
43 932 334
43 935 340
43 938 337
43 942 339
43 945 337
43 949 336
43 952 340
43 956 342
43 959 342
43 963 341
43 966 344
43 968 344
43 972 344
43 974 347
43 977 345
43 981 345
43 984 346
43 987 346
43 991 351
43 993 348
43 998 346
43 1000 346
43 1003 339
43 1006 332
43 1009 317
43 1013 309
43 1016 306
43 1019 304
43 1022 300
43 1025 304
43 1029 300
43 1032 298
43 1034 298
43 1038 297
43 1040 297
43 1043 298
43 1046 296
43 1049 291
43 1052 293
43 1056 293
43 1058 292
43 1062 292
43 1065 290
43 1068 289
43 1071 290
43 1074 288
43 1077 287
43 1080 289
43 1083 287
43 1085 287
43 1089 285
43 1092 283
43 1095 285
43 1098 289
43 1100 288
43 1104 287
43 1107 286
43 1112 289
43 1115 290
43 1119 290
43 1121 292
43 1125 294
43 1128 293
43 1132 292
43 1135 295
43 1139 295
43 1142 296
43 1146 299
43 1149 298
43 1153 298
43 1156 301
43 1158 300
43 1162 304
43 1165 302
43 1168 302
43 1171 304
43 1175 305
43 1178 305
43 1181 310
43 1184 307
43 1187 309
43 1192 305
43 1195 305
43 1198 308
43 1201 306
43 1204 304
43 1207 308
43 1211 307
43 1214 304
43 1221 306
43 1225 301
43 1228 299
43 1232 301
43 1235 298
43 1237 298
43 1240 297
43 1244 297
43 1247 297
43 1250 295
43 1253 297
43 1256 294
43 1258 292
43 1260 296
43 1264 296
43 1266 293
43 1269 292
43 1272 290
43 1275 292
43 1278 293
43 1280 291
43 1283 290
43 1286 290
43 1289 290
43 1293 290
43 1296 288
43 1299 287
43 1302 289
43 1305 285
43 1308 286
43 1312 284
43 1314 288
43 1319 286
43 1322 285
43 1325 282
43 1328 284
43 1331 283
43 1334 283
43 1337 282
43 1339 281
43 1343 280
43 1345 280
43 1348 279
43 1351 279
43 1355 279
43 1358 279
43 1361 279
43 1364 279
43 1367 278
43 1370 275
43 1373 275
43 1376 277
43 1379 276
43 1382 274
43 1385 272
43 1387 272
43 1394 256
43 1397 246
43 1401 233
43 1403 230
43 1406 226
43 1409 225
43 1412 224
43 1415 220
43 1418 221
43 1421 226
43 1423 227
43 1426 233
43 1429 236
43 1432 246
43 1435 252
43 1437 260
43 1440 266
43 1442 267
43 1445 267
43 1447 268
43 1450 267
43 1454 268
43 1456 266
43 1459 265
43 1462 260
43 1466 251
43 1469 246
43 1471 237
43 1474 232
43 1477 230
43 1479 230
43 1482 229
43 1486 228
43 1488 229
43 1491 227
43 1493 227
43 1496 227
43 1499 227
43 1502 227
43 1505 225
43 1508 224
43 1511 225
43 1513 225
43 1516 224
43 1519 226
43 1521 221
43 1524 224
43 1528 224
43 1531 221
43 1534 224
43 1536 223
43 1540 222
43 1543 222
43 1546 223
43 1549 220
43 1551 220
43 1555 222
43 1557 221
43 1560 220
43 1563 218
43 1566 220
43 1568 220
43 1572 221
43 1574 221
43 1577 220
43 1580 220
43 1582 221
43 1585 219
43 1588 220
43 1590 217
43 1593 218
43 1596 219
43 1598 217
43 1601 220
43 1604 217
43 1606 219
43 1609 218
43 1611 215
43 1613 220
43 1616 217
43 1619 218
43 1622 220
43 1626 224
43 1628 227
43 1631 224
43 1634 226
43 1637 226
43 1640 231
43 1644 234
43 1646 234
43 1650 237
43 1653 240
43 1656 242
43 1659 243
43 1662 241
43 1665 243
43 1669 247
43 1671 246
43 1675 247
43 1678 246
43 1681 245
43 1683 246
43 1686 248
43 1689 245
43 1692 246
43 1695 245
43 1699 244
43 1701 245
43 1705 246
43 1707 244
43 1710 243
43 1713 246
43 1715 244
43 1719 242
43 1721 247
43 1724 243
43 1727 242
43 1730 245
43 1732 243
43 1735 244
43 1739 242
43 1741 246
43 1744 244
43 1748 245
43 1751 243
43 1753 244
43 1756 242
43 1758 240
43 1761 245
43 1764 242
43 1767 242
43 1770 241
43 1772 242
43 1774 243
43 1777 241
43 1779 241
43 1784 242
43 1787 242
43 1790 244
43 1792 242
43 1794 240
43 1796 243
43 1798 241
43 1801 242
43 1805 241
43 1808 242
43 1810 237
43 1813 240
43 1817 240
43 1820 241
43 1824 241
43 1826 240
43 1830 238
43 1832 241
43 1835 240
43 1838 241
43 1842 240
43 1845 240
43 1848 239
43 1851 238
43 1855 240
43 1858 240
43 1862 240
43 1865 237
43 1867 239
43 1870 240
43 1873 240
43 1875 237
43 1879 238
43 1882 240
43 1884 240
43 1887 237
43 1891 238
43 1893 239
43 1897 238
43 1899 236
43 1902 237
43 1905 237
43 1907 237
43 1910 237
43 1913 239
43 1916 238
43 1919 236
43 1923 236
43 1926 237
43 1930 239
43 1932 238
43 1935 239
43 1938 238
43 1941 238
43 1944 237
43 1946 234
43 1949 238
43 1952 236
43 1954 236
43 1957 237
43 1961 234
43 1963 236
43 1965 236
43 1968 234
43 1971 234
43 1974 227
43 1977 222
43 1979 218
43 1981 216
43 1983 213
43 1987 208
43 1990 205
43 1993 205
43 1996 202
43 1999 201
43 2002 204
43 2006 204
43 2008 203
43 2012 201
43 2014 204
43 2018 201
43 2020 200
43 2023 201
43 2026 202
43 2030 199
43 2032 201
43 2035 202
43 2038 201
43 2040 201
43 2044 200
43 2047 202
43 2050 203
43 2053 202
43 2055 202
43 2058 204
43 2061 202
43 2063 202
43 2066 203
43 2070 204
43 2072 201
43 2075 204
43 2077 202
43 2081 205
43 2084 203
43 2087 202
43 2089 202
43 2092 203
57 1866 238
57 1863 239
57 1861 240
57 1859 240
57 1856 238
57 1852 241
57 1850 239
57 1846 237
57 1844 240
57 1841 238
57 1839 241
57 1837 240
57 1834 240
57 1830 242
57 1827 238
57 1824 241
57 1821 238
57 1816 243
57 1813 238
57 1809 241
57 1807 241
57 1803 242
57 1801 242
57 1798 241
57 1795 241
57 1791 241
57 1789 242
57 1786 244
57 1783 241
57 1780 240
57 1777 241
57 1775 242
57 1772 241
57 1769 243
57 1766 241
57 1764 242
57 1761 244
57 1758 242
57 1754 240
57 1751 245
57 1747 242
57 1744 244
57 1741 243
57 1738 244
57 1735 242
57 1732 244
57 1729 244
57 1727 245
57 1724 246
57 1721 242
57 1719 246
57 1716 245
57 1712 242
57 1709 244
57 1702 244
57 1698 246
57 1695 247
57 1693 248
57 1691 245
57 1690 244
57 1688 244
57 1685 246
57 1680 248
57 1677 248
57 1675 248
57 1672 249
57 1669 249
57 1665 246
57 1661 248
57 1656 250
57 1653 244
57 1650 241
57 1647 242
57 1645 237
57 1641 236
57 1637 231
57 1634 233
57 1631 230
57 1628 228
57 1624 225
57 1621 223
57 1618 223
57 1615 221
57 1612 218
57 1609 218
57 1605 217
57 1602 216
57 1599 218
57 1596 218
57 1594 217
57 1591 220
57 1588 218
57 1585 218
57 1582 220
57 1579 219
57 1577 220
57 1574 217
57 1572 221
57 1568 219
57 1566 222
57 1562 222
57 1559 219
57 1556 222
57 1553 222
57 1550 221
57 1547 222
57 1544 221
57 1541 222
57 1539 224
57 1536 222
57 1532 224
57 1530 223
57 1526 222
57 1524 224
57 1521 223
57 1518 225
57 1516 224
57 1513 224
57 1510 223
57 1507 225
57 1505 224
57 1501 225
57 1499 225
57 1495 224
57 1493 227
57 1490 226
57 1488 230
57 1485 226
57 1483 227
57 1479 227
57 1476 226
57 1473 227
57 1470 226
57 1467 230
57 1464 236
57 1461 246
57 1458 250
57 1455 258
57 1453 261
57 1449 262
57 1446 262
57 1442 261
57 1439 258
57 1436 249
57 1434 241
57 1431 229
57 1427 221
57 1425 219
57 1422 221
57 1419 220
57 1416 221
57 1413 221
57 1408 227
57 1404 230
57 1401 240
57 1398 252
57 1395 262
57 1392 267
57 1389 270
57 1387 272
57 1385 272
57 1382 272
57 1380 276
57 1376 274
57 1374 275
57 1370 274
57 1367 277
57 1364 275
57 1361 278
57 1359 275
57 1356 276
57 1351 280
57 1348 280
57 1344 279
57 1341 280
57 1338 281
57 1335 281
57 1333 282
57 1330 285
57 1328 284
57 1325 281
57 1322 280
57 1319 282
57 1317 283
57 1315 283
57 1312 285
57 1309 285
57 1306 285
57 1304 287
57 1301 286
57 1296 288
57 1293 289
57 1290 289
57 1287 289
57 1284 289
57 1281 288
57 1279 288
57 1275 289
57 1272 289
57 1269 289
57 1266 290
57 1263 291
57 1259 291
57 1256 292
57 1253 295
57 1249 295
57 1245 297
57 1243 296
57 1240 297
57 1237 298
57 1234 298
57 1231 297
57 1227 296
57 1224 299
57 1220 303
57 1217 300
57 1213 301
57 1210 302
57 1206 300
57 1203 303
57 1200 305
57 1196 309
57 1194 306
57 1191 305
57 1188 303
57 1184 304
57 1181 303
57 1179 304
57 1175 299
57 1172 300
57 1169 300
57 1165 299
57 1162 299
57 1159 295
57 1156 297
57 1154 292
57 1149 296
57 1146 293
57 1142 289
57 1139 293
57 1136 292
57 1133 288
57 1129 289
57 1126 289
57 1122 285
57 1118 286
57 1115 287
57 1111 285
57 1108 283
57 1105 283
57 1102 283
57 1099 281
57 1096 282
57 1093 282
57 1091 284
57 1088 283
57 1085 285
57 1083 285
57 1081 287
57 1079 285
57 1077 284
57 1074 287
57 1070 288
57 1068 291
57 1064 287
57 1061 290
57 1058 292
57 1055 292
57 1052 293
57 1049 291
57 1046 296
57 1043 293
57 1040 297
57 1036 293
57 1033 298
57 1029 297
57 1026 298
57 1022 299
57 1019 307
57 1015 310
57 1012 322
57 1008 332
57 1006 343
57 1003 346
57 1000 348
57 997 357
57 994 351
57 990 351
57 988 352
57 984 352
57 981 352
57 978 346
57 975 350
57 969 350
57 967 349
57 963 346
57 960 349
57 956 346
57 953 347
57 949 342
57 946 343
57 942 344
57 938 344
57 935 343
57 933 341
57 930 341
57 927 344
57 925 343
57 921 338
57 918 336
57 915 336
57 912 339
57 909 338
57 906 337
57 903 335
57 900 335
57 898 336
57 895 341
57 892 340
57 889 342
57 886 341
57 883 344
57 881 344
57 878 345
57 875 345
57 872 345
57 869 347
57 866 347
57 863 353
57 860 351
57 857 352
57 854 354
57 851 356
57 846 364
57 843 377
57 840 391
57 837 405
57 833 407
57 830 420
57 826 416
57 824 419
57 820 417
57 817 418
57 813 431
57 809 427
57 805 429
57 802 432
57 799 437
57 794 438
57 791 440
57 787 439
57 784 443
57 781 439
57 777 445
57 773 447
57 769 449
57 765 454
57 761 451
57 758 459
57 753 457
57 750 457
57 746 465
57 742 469
57 738 470
57 735 469
57 731 473
57 727 469
57 723 468
57 719 469
57 715 471
57 712 466
57 707 469
57 703 468
57 699 462
57 696 464
57 693 465
57 689 465
57 685 464
57 682 463
57 678 464
57 675 455
57 670 449
57 667 434
57 663 421
57 660 419
57 657 417
57 654 421
57 650 416
57 646 414
57 642 418
57 638 417
57 635 415
57 632 417
57 628 416
57 625 411
57 622 419
57 619 410
57 615 412
57 612 412
57 608 412
57 604 413
57 600 419
57 597 418
57 593 431
57 589 432
57 585 432
57 581 441
57 577 447
57 571 520
57 564 611
57 557 616
57 552 626
57 545 641
57 539 639
57 534 606
57 529 576
57 525 574
57 519 610
57 513 645
57 509 642
57 503 655
57 497 646
57 492 644
57 487 643
57 482 644
57 476 644
57 472 652
57 466 659
57 460 667
57 454 675
57 448 692
57 443 748
57 438 806
57 434 830
57 430 828
57 424 820
57 419 768
57 413 731
57 408 714
57 401 703
57 396 704
57 391 714
57 385 700
57 380 716
57 373 728
57 367 748
57 360 763
57 354 786
57 347 804
57 342 800
57 336 812
57 330 819
57 325 840
57 319 847
57 313 866
57 306 898
57 300 970
57 295 1012
57 289 1015
57 284 987
57 279 975
57 274 984
57 271 997
57 268 1003
57 265 1005
57 263 1009
57 260 1007
57 256 1008
57 253 1005
57 250 1008
57 247 1006
57 244 1005
57 241 1004
57 238 1004
57 235 1006
57 232 1007
57 230 1006
57 227 1004
57 224 1004
57 221 1004
57 218 1005
57 215 1004
57 212 1003
57 210 1001
57 207 1001
57 203 1001
57 200 1002
57 197 1002
57 195 1001
57 192 1001
57 189 1003
57 186 1003
57 183 1002
57 179 1001
57 176 1002
57 173 1000
57 169 1006
57 166 1018
57 162 465
57 159 472
57 156 469
57 153 470
57 150 471
57 148 470
57 146 471
57 144 473
57 141 470
57 139 472
57 136 473
57 133 473
57 130 474
57 128 473
57 126 474
57 123 474
57 120 475
57 117 476
57 114 476
57 111 475
57 108 477
57 105 476
57 102 477
57 99 477
72 233 1015
72 236 1015
72 239 1017
72 243 1016
72 246 1016
72 249 1017
72 252 1018
72 254 1019
72 258 1017
72 261 1017
72 263 1017
72 267 1021
72 270 1011
72 275 983
72 281 974
72 287 1011
72 293 1020
72 298 1020
72 304 953
72 310 893
72 316 870
72 323 860
72 330 836
72 335 830
72 341 814
72 347 809
72 352 790
72 358 768
72 364 743
72 369 747
72 375 709
72 379 723
72 384 709
72 390 706
72 394 699
72 401 703
72 407 704
72 412 703
72 417 708
72 423 761
72 429 811
72 435 818
72 441 808
72 447 725
72 453 691
72 459 683
72 464 665
72 470 666
72 476 644
72 480 647
72 486 639
72 490 635
72 495 633
72 500 637
72 504 643
72 509 640
72 514 636
72 519 637
72 524 622
72 529 588
72 534 566
72 540 578
72 545 611
72 550 635
72 554 630
72 558 623
72 565 618
72 571 591
72 576 488
72 580 451
72 583 442
72 587 434
72 592 427
72 596 421
72 601 426
72 606 420
72 610 418
72 613 418
72 618 418
72 622 420
72 626 417
72 630 419
72 634 417
72 637 416
72 640 419
72 645 420
72 648 421
72 652 423
72 655 420
72 659 420
72 663 430
72 667 437
72 670 448
72 674 454
72 677 455
72 680 452
72 684 453
72 688 456
72 692 460
72 696 456
72 701 454
72 705 461
72 709 464
72 712 462
72 715 462
72 719 463
72 722 465
72 726 465
72 729 464
72 732 463
72 736 463
72 739 469
72 742 467
72 746 462
72 749 458
72 755 458
72 758 458
72 764 457
72 768 451
72 772 448
72 776 442
72 780 444
72 783 439
72 787 437
72 790 441
72 794 438
72 798 441
72 801 433
72 804 432
72 808 429
72 812 429
72 816 430
72 819 426
72 822 422
72 826 419
72 828 418
72 832 410
72 835 394
72 838 382
72 844 360
72 846 357
72 850 355
72 853 357
72 856 352
72 859 352
72 861 351
72 864 349
72 868 345
72 871 350
72 873 346
72 876 344
72 879 345
72 882 342
72 884 341
72 887 340
72 891 336
72 894 338
72 897 341
72 899 337
72 901 341
72 904 337
72 906 335
72 909 341
72 912 342
72 915 342
72 918 339
72 921 343
72 924 341
72 928 344
72 931 345
72 934 345
72 937 345
72 940 349
72 943 347
72 946 348
72 951 347
72 954 350
72 957 347
72 960 350
72 965 350
72 968 351
72 971 352
72 974 354
72 976 351
72 981 352
72 983 354
72 987 353
72 990 356
72 993 356
72 997 357
72 1000 352
72 1003 353
72 1006 358
72 1008 351
72 1011 351
72 1015 339
72 1017 330
72 1020 321
72 1023 315
72 1026 308
72 1029 298
72 1032 301
72 1035 297
72 1038 295
72 1040 298
72 1044 294
72 1047 291
72 1050 297
72 1053 294
72 1056 289
72 1059 291
72 1063 290
72 1066 291
72 1069 290
72 1072 285
72 1075 288
72 1078 285
72 1080 285
72 1083 284
72 1086 288
72 1090 282
72 1092 283
72 1095 281
72 1098 284
72 1101 281
72 1104 279
72 1107 278
72 1111 280
72 1114 282
72 1117 280
72 1120 284
72 1123 285
72 1126 284
72 1129 285
72 1132 286
72 1136 289
72 1139 289
72 1141 287
72 1145 290
72 1148 290
72 1151 295
72 1154 294
72 1157 294
72 1160 294
72 1164 295
72 1167 296
72 1170 296
72 1173 300
72 1177 299
72 1180 301
72 1183 303
72 1187 304
72 1190 301
72 1193 306
72 1196 304
72 1198 307
72 1202 301
72 1205 306
72 1208 308
72 1212 303
72 1215 303
72 1218 301
72 1221 302
72 1224 304
72 1227 297
72 1230 301
72 1233 299
72 1236 299
72 1238 299
72 1241 298
72 1244 298
72 1246 296
72 1249 297
72 1252 299
72 1255 295
72 1258 292
72 1260 295
72 1263 291
72 1265 293
72 1268 293
72 1271 291
72 1274 294
72 1277 290
72 1280 293
72 1284 290
72 1288 290
72 1291 290
72 1295 288
72 1297 286
72 1302 285
72 1304 286
72 1308 287
72 1311 285
72 1314 286
72 1317 285
72 1320 287
72 1323 285
72 1326 285
72 1330 281
72 1333 282
72 1338 280
72 1340 281
72 1344 281
72 1346 279
72 1349 281
72 1352 279
72 1355 279
72 1358 280
72 1361 279
72 1363 278
72 1366 280
72 1370 278
72 1373 278
72 1376 277
72 1378 277
72 1382 275
72 1385 274
72 1388 274
72 1391 274
72 1395 269
72 1397 270
72 1402 253
72 1404 246
72 1408 231
72 1412 225
72 1414 223
72 1417 223
72 1420 222
72 1422 223
72 1425 222
72 1428 220
72 1431 224
72 1433 222
72 1436 225
72 1438 231
72 1440 237
72 1443 241
72 1446 249
72 1448 250
72 1452 252
72 1454 250
72 1456 244
72 1459 240
72 1461 237
72 1464 232
72 1467 232
72 1470 230
72 1473 229
72 1476 229
72 1479 228
72 1482 227
72 1485 228
72 1487 227
72 1490 228
72 1493 225
72 1496 228
72 1499 228
72 1501 224
72 1506 225
72 1508 228
72 1511 225
72 1514 226
72 1517 224
72 1520 228
72 1523 223
72 1526 222
72 1528 225
72 1531 222
72 1534 223
72 1536 221
72 1538 223
72 1542 224
72 1544 221
72 1547 223
72 1551 223
72 1554 222
72 1557 219
72 1560 220
72 1563 220
72 1566 220
72 1568 221
72 1571 222
72 1573 222
72 1575 221
72 1578 219
72 1581 218
72 1583 217
72 1586 219
72 1589 218
72 1592 221
72 1595 218
72 1597 216
72 1601 219
72 1603 217
72 1605 220
72 1608 219
72 1612 220
72 1614 221
72 1617 223
72 1619 226
72 1623 224
72 1625 225
72 1628 232
72 1631 232
72 1634 235
72 1637 236
72 1641 236
72 1643 235
72 1646 241
72 1649 244
72 1652 247
72 1656 246
72 1658 246
72 1661 247
72 1664 247
72 1667 249
72 1670 244
72 1673 246
72 1676 245
72 1680 244
72 1682 246
72 1684 246
72 1690 245
72 1692 245
72 1695 242
72 1698 245
72 1700 244
72 1704 244
72 1707 245
72 1709 245
72 1712 244
72 1715 244
72 1718 244
72 1721 243
72 1723 244
72 1726 243
72 1730 243
72 1732 243
72 1735 245
72 1738 244
72 1741 245
72 1745 243
72 1748 243
72 1752 244
72 1755 242
72 1757 243
72 1760 243
72 1763 242
72 1765 243
72 1768 244
72 1771 242
72 1774 242
72 1776 243
72 1779 243
72 1782 242
72 1785 241
72 1788 242
72 1791 242
72 1793 243
72 1795 241
72 1798 242
72 1800 242
72 1803 241
72 1806 240
72 1809 241
72 1812 240
72 1815 240
72 1818 240
72 1821 240
72 1824 240
72 1827 242
72 1830 241
72 1833 240
72 1836 239
72 1840 241
72 1844 241
72 1847 238
72 1849 238
72 1853 242
72 1856 242
72 1859 241
72 1862 238
72 1865 240
72 1870 238
72 1873 240
72 1876 239
72 1879 239
72 1882 237
72 1884 237
72 1887 236
72 1889 238
72 1892 238
72 1895 236
72 1898 241
72 1900 236
72 1903 238
72 1905 238
72 1908 236
72 1911 237
72 1914 238
72 1918 237
72 1921 237
72 1924 237
72 1927 237
72 1929 238
72 1932 236
72 1936 237
72 1939 239
72 1943 237
72 1946 238
72 1948 236
72 1951 237
72 1954 236
72 1957 237
72 1960 237
72 1962 237
72 1965 235
72 1968 234
72 1970 234
72 1973 232
72 1976 229
72 1979 225
72 1981 220
72 1984 214
72 1988 212
72 1990 207
72 1993 205
72 1996 201
72 1999 204
72 2002 203
72 2005 202
72 2008 203
72 2011 202
72 2014 202
72 2016 203
72 2020 202
72 2022 202
72 2024 202
72 2028 200
72 2031 199
72 2034 200
72 2037 202
72 2039 202
72 2042 205
72 2045 202
72 2048 202
72 2050 201
72 2054 202
72 2056 202
72 2058 202
72 2061 204
72 2064 203
72 2067 202
72 2070 203
72 2072 202
72 2075 202
72 2079 203
72 2081 201
72 2085 202
72 2088 203
72 2090 202
72 2093 203
86 1867 237
86 1864 239
86 1861 239
86 1859 239
86 1857 240
86 1854 237
86 1851 237
86 1848 241
86 1845 239
86 1842 240
86 1840 238
86 1838 238
86 1835 241
86 1832 240
86 1829 240
86 1827 239
86 1824 240
86 1821 240
86 1818 240
86 1815 241
86 1813 242
86 1810 238
86 1808 240
86 1805 240
86 1803 241
86 1800 242
86 1797 241
86 1794 240
86 1791 241
86 1789 243
86 1786 240
86 1783 243
86 1781 241
86 1778 242
86 1775 241
86 1772 243
86 1769 243
86 1766 242
86 1763 241
86 1760 242
86 1757 243
86 1754 244
86 1751 242
86 1748 242
86 1746 241
86 1743 243
86 1740 242
86 1736 244
86 1734 243
86 1730 243
86 1728 245
86 1724 244
86 1721 245
86 1715 246
86 1712 244
86 1708 247
86 1705 247
86 1701 246
86 1699 245
86 1696 246
86 1693 247
86 1691 245
86 1689 245
86 1688 247
86 1685 246
86 1682 245
86 1679 249
86 1676 246
86 1673 246
86 1671 246
86 1668 247
86 1665 246
86 1662 248
86 1658 247
86 1655 245
86 1652 247
86 1649 245
86 1646 246
86 1642 242
86 1638 240
86 1635 237
86 1632 237
86 1628 232
86 1625 231
86 1622 230
86 1619 230
86 1616 226
86 1613 225
86 1611 226
86 1608 221
86 1605 220
86 1602 221
86 1599 217
86 1596 219
86 1593 217
86 1591 217
86 1587 220
86 1584 218
86 1581 218
86 1579 219
86 1576 220
86 1573 219
86 1571 219
86 1568 220
86 1565 221
86 1562 222
86 1559 222
86 1555 224
86 1552 219
86 1548 223
86 1545 219
86 1543 222
86 1540 223
86 1537 222
86 1535 221
86 1532 223
86 1530 222
86 1528 224
86 1525 222
86 1522 224
86 1519 225
86 1515 223
86 1512 222
86 1508 225
86 1506 225
86 1503 225
86 1501 226
86 1497 226
86 1495 226
86 1492 224
86 1489 225
86 1486 226
86 1484 226
86 1482 227
86 1479 229
86 1476 225
86 1473 227
86 1469 228
86 1467 230
86 1464 228
86 1461 229
86 1459 229
86 1456 231
86 1454 232
86 1451 235
86 1448 235
86 1445 231
86 1442 228
86 1439 223
86 1436 221
86 1433 222
86 1431 221
86 1428 220
86 1425 219
86 1423 222
86 1419 222
86 1416 222
86 1412 222
86 1409 224
86 1406 229
86 1403 240
86 1399 254
86 1396 266
86 1393 272
86 1390 274
86 1388 275
86 1385 274
86 1383 273
86 1380 274
86 1377 276
86 1375 277
86 1372 274
86 1369 276
86 1366 277
86 1363 277
86 1359 277
86 1356 277
86 1353 276
86 1350 280
86 1347 279
86 1343 281
86 1340 278
86 1336 281
86 1334 282
86 1331 280
86 1328 278
86 1326 285
86 1323 284
86 1321 281
86 1319 283
86 1316 282
86 1314 285
86 1311 284
86 1307 285
86 1304 285
86 1302 286
86 1299 289
86 1296 284
86 1294 286
86 1291 288
86 1288 286
86 1284 291
86 1281 290
86 1278 289
86 1275 290
86 1271 292
86 1268 292
86 1264 291
86 1261 292
86 1257 293
86 1254 294
86 1251 295
86 1248 292
86 1245 297
86 1242 297
86 1239 298
86 1237 299
86 1233 298
86 1230 302
86 1228 301
86 1224 301
86 1221 303
86 1218 301
86 1214 302
86 1211 300
86 1207 304
86 1204 304
86 1200 302
86 1197 301
86 1193 301
86 1190 299
86 1186 299
86 1183 298
86 1179 299
86 1176 299
86 1173 295
86 1171 296
86 1168 292
86 1165 294
86 1162 293
86 1159 289
86 1156 292
86 1154 293
86 1151 293
86 1148 288
86 1146 290
86 1143 286
86 1140 289
86 1136 289
86 1132 284
86 1129 283
86 1126 284
86 1121 281
86 1118 282
86 1114 280
86 1111 280
86 1106 281
86 1103 283
86 1100 280
86 1097 281
86 1095 280
86 1091 284
86 1089 284
86 1087 284
86 1085 284
86 1082 285
86 1080 287
86 1078 287
86 1075 286
86 1072 291
86 1069 290
86 1066 290
86 1063 288
86 1060 292
86 1057 294
86 1054 292
86 1051 294
86 1048 295
86 1045 297
86 1042 295
86 1039 293
86 1036 300
86 1031 303
86 1028 307
86 1023 323
86 1020 338
86 1016 342
86 1013 349
86 1010 349
86 1007 352
86 1004 350
86 1002 354
86 999 355
86 996 356
86 991 357
86 988 358
86 986 358
86 983 359
86 979 357
86 976 355
86 972 359
86 969 352
86 965 352
86 962 354
86 959 352
86 955 351
86 952 349
86 949 353
86 943 352
86 940 349
86 935 347
86 932 349
86 927 351
86 924 345
86 920 343
86 917 343
86 914 343
86 911 343
86 909 345
86 906 344
86 902 341
86 899 342
86 896 341
86 893 343
86 890 342
86 887 344
86 884 343
86 881 345
86 878 343
86 875 342
86 873 344
86 869 345
86 866 348
86 861 349
86 858 349
86 855 349
86 852 352
86 849 354
86 846 355
86 843 359
86 840 357
86 838 358
86 835 365
86 832 375
86 829 384
86 826 398
86 822 410
86 819 423
86 816 421
86 813 422
86 809 428
86 806 432
86 803 431
86 799 429
86 795 438
86 792 440
86 788 436
86 785 442
86 781 440
86 778 442
86 775 440
86 771 444
86 767 451
86 763 449
86 760 460
86 756 454
86 752 453
86 749 463
86 745 465
86 742 468
86 738 465
86 734 457
86 731 459
86 727 461
86 724 460
86 720 458
86 717 457
86 713 454
86 710 455
86 706 454
86 701 452
86 698 455
86 694 454
86 689 453
86 686 448
86 680 454
86 677 445
86 674 449
86 670 453
86 667 447
86 663 450
86 660 441
86 657 433
86 652 426
86 648 426
86 644 424
86 641 423
86 637 422
86 634 429
86 630 424
86 627 419
86 623 424
86 620 423
86 616 423
86 614 424
86 610 420
86 606 416
86 603 419
86 599 425
86 595 427
86 590 430
86 586 444
86 582 469
86 577 494
86 572 514
86 566 549
86 559 609
86 553 623
86 547 623
86 542 590
86 537 555
86 532 556
86 526 609
86 521 631
86 516 631
86 511 639
86 507 633
86 501 629
86 497 633
86 492 628
86 487 628
86 483 636
86 478 640
86 473 651
86 468 666
86 462 675
86 457 688
86 452 693
86 446 697
86 441 712
86 436 744
86 431 802
86 425 799
86 420 756
86 414 715
86 409 691
86 403 694
86 398 698
86 391 695
86 385 706
86 380 708
86 374 724
86 368 736
86 362 764
86 356 761
86 351 785
86 345 793
86 339 818
86 334 822
86 327 840
86 322 853
86 316 922
86 311 916
86 305 924
86 300 945
86 295 995
86 289 1050
86 284 1029
86 279 1015
86 273 994
86 269 1012
86 267 1029
86 264 1030
86 261 1033
86 258 1028
86 255 1030
86 252 1027
86 249 1031
86 246 1029
86 243 1026
86 240 1027
